512,256,128,64,32,16,8,4,2,1
1025,257,129,65,33,17,9,5,3
1026,258,130,66,34,18,10,6,3
1027,259,131,67,35,19,11,7
1028,260,132,68,36,20,12,6,5
1029,261,133,69,37,21,13,7
1030,262,134,70,38,22,14,7
1031,263,135,71,39,23,15
1032,264,136,72,40,24,12,10,9
1033,265,137,73,41,25,13,11
1034,266,138,74,42,26,14,11
1035,267,139,75,43,27,15
1036,268,140,76,44,28,14,13
1037,269,141,77,45,29,15
1038,270,142,78,46,30,15
1039,271,143,79,47,31
1040,272,144,80,48,24,20,18,17
1041,273,145,81,49,25,21,19
1042,274,146,82,50,26,22,19
1043,275,147,83,51,27,23
1044,276,148,84,52,28,22,21
1045,277,149,85,53,29,23
1046,278,150,86,54,30,23
1047,279,151,87,55,31
1048,280,152,88,56,28,26,25
1049,281,153,89,57,29,27
1050,282,154,90,58,30,27
1051,283,155,91,59,31
1052,284,156,92,60,30,29
1053,285,157,93,61,31
1054,286,158,94,62,31
1055,287,159,95,63
1056,288,160,96,48,40,36,34,33
1057,289,161,97,49,41,37,35
1058,290,162,98,50,42,38,35
1059,291,163,99,51,43,39
1060,292,164,100,52,44,38,37
1061,293,165,101,53,45,39
1062,294,166,102,54,46,39
1063,295,167,103,55,47
1064,296,168,104,56,44,42,41
1065,297,169,105,57,45,43
1066,298,170,106,58,46,43
1067,299,171,107,59,47
1068,300,172,108,60,46,45
1069,301,173,109,61,47
1070,302,174,110,62,47
1071,303,175,111,63
1072,304,176,112,56,52,50,49
1073,305,177,113,57,53,51
1074,306,178,114,58,54,51
1075,307,179,115,59,55
1076,308,180,116,60,54,53
1077,309,181,117,61,55
1078,310,182,118,62,55
1079,311,183,119,63
1080,312,184,120,60,58,57
1081,313,185,121,61,59
1082,314,186,122,62,59
1083,315,187,123,63
1084,316,188,124,62,61
1085,317,189,125,63
1086,318,190,126,63
1087,319,191,127
1088,320,192,96,80,72,68,66,65
1089,321,193,97,81,73,69,67
1090,322,194,98,82,74,70,67
1091,323,195,99,83,75,71
1092,324,196,100,84,76,70,69
1093,325,197,101,85,77,71
1094,326,198,102,86,78,71
1095,327,199,103,87,79
1096,328,200,104,88,76,74,73
1097,329,201,105,89,77,75
1098,330,202,106,90,78,75
1099,331,203,107,91,79
1100,332,204,108,92,78,77
1101,333,205,109,93,79
1102,334,206,110,94,79
1103,335,207,111,95
1104,336,208,112,88,84,82,81
1105,337,209,113,89,85,83
1106,338,210,114,90,86,83
1107,339,211,115,91,87
1108,340,212,116,92,86,85
1109,341,213,117,93,87
1110,342,214,118,94,87
1111,343,215,119,95
1112,344,216,120,92,90,89
1113,345,217,121,93,91
1114,346,218,122,94,91
1115,347,219,123,95
1116,348,220,124,94,93
1117,349,221,125,95
1118,350,222,126,95
1119,351,223,127
1120,352,224,112,104,100,98,97
1121,353,225,113,105,101,99
1122,354,226,114,106,102,99
1123,355,227,115,107,103
1124,356,228,116,108,102,101
1125,357,229,117,109,103
1126,358,230,118,110,103
1127,359,231,119,111
1128,360,232,120,108,106,105
1129,361,233,121,109,107
1130,362,234,122,110,107
1131,363,235,123,111
1132,364,236,124,110,109
1133,365,237,125,111
1134,366,238,126,111
1135,367,239,127
1136,368,240,120,116,114,113
1137,369,241,121,117,115
1138,370,242,122,118,115
1139,371,243,123,119
1140,372,244,124,118,117
1141,373,245,125,119
1142,374,246,126,119
1143,375,247,127
1144,376,248,124,122,121
1145,377,249,125,123
1146,378,250,126,123
1147,379,251,127
1148,380,252,126,125
1149,381,253,127
1150,382,254,127
1151,383,255
1152,384,192,160,144,136,132,130,129
1153,385,193,161,145,137,133,131
1154,386,194,162,146,138,134,131
1155,387,195,163,147,139,135
1156,388,196,164,148,140,134,133
1157,389,197,165,149,141,135
1158,390,198,166,150,142,135
1159,391,199,167,151,143
1160,392,200,168,152,140,138,137
1161,393,201,169,153,141,139
1162,394,202,170,154,142,139
1163,395,203,171,155,143
1164,396,204,172,156,142,141
1165,397,205,173,157,143
1166,398,206,174,158,143
1167,399,207,175,159
1168,400,208,176,152,148,146,145
1169,401,209,177,153,149,147
1170,402,210,178,154,150,147
1171,403,211,179,155,151
1172,404,212,180,156,150,149
1173,405,213,181,157,151
1174,406,214,182,158,151
1175,407,215,183,159
1176,408,216,184,156,154,153
1177,409,217,185,157,155
1178,410,218,186,158,155
1179,411,219,187,159
1180,412,220,188,158,157
1181,413,221,189,159
1182,414,222,190,159
1183,415,223,191
1184,416,224,176,168,164,162,161
1185,417,225,177,169,165,163
1186,418,226,178,170,166,163
1187,419,227,179,171,167
1188,420,228,180,172,166,165
1189,421,229,181,173,167
1190,422,230,182,174,167
1191,423,231,183,175
1192,424,232,184,172,170,169
1193,425,233,185,173,171
1194,426,234,186,174,171
1195,427,235,187,175
1196,428,236,188,174,173
1197,429,237,189,175
1198,430,238,190,175
1199,431,239,191
1200,432,240,184,180,178,177
1201,433,241,185,181,179
1202,434,242,186,182,179
1203,435,243,187,183
1204,436,244,188,182,181
1205,437,245,189,183
1206,438,246,190,183
1207,439,247,191
1208,440,248,188,186,185
1209,441,249,189,187
1210,442,250,190,187
1211,443,251,191
1212,444,252,190,189
1213,445,253,191
1214,446,254,191
1215,447,255
1216,448,224,208,200,196,194,193
1217,449,225,209,201,197,195
1218,450,226,210,202,198,195
1219,451,227,211,203,199
1220,452,228,212,204,198,197
1221,453,229,213,205,199
1222,454,230,214,206,199
1223,455,231,215,207
1224,456,232,216,204,202,201
1225,457,233,217,205,203
1226,458,234,218,206,203
1227,459,235,219,207
1228,460,236,220,206,205
1229,461,237,221,207
1230,462,238,222,207
1231,463,239,223
1232,464,240,216,212,210,209
1233,465,241,217,213,211
1234,466,242,218,214,211
1235,467,243,219,215
1236,468,244,220,214,213
1237,469,245,221,215
1238,470,246,222,215
1239,471,247,223
1240,472,248,220,218,217
1241,473,249,221,219
1242,474,250,222,219
1243,475,251,223
1244,476,252,222,221
1245,477,253,223
1246,478,254,223
1247,479,255
1248,480,240,232,228,226,225
1249,481,241,233,229,227
1250,482,242,234,230,227
1251,483,243,235,231
1252,484,244,236,230,229
1253,485,245,237,231
1254,486,246,238,231
1255,487,247,239
1256,488,248,236,234,233
1257,489,249,237,235
1258,490,250,238,235
1259,491,251,239
1260,492,252,238,237
1261,493,253,239
1262,494,254,239
1263,495,255
1264,496,248,244,242,241
1265,497,249,245,243
1266,498,250,246,243
1267,499,251,247
1268,500,252,246,245
1269,501,253,247
1270,502,254,247
1271,503,255
1272,504,252,250,249
1273,505,253,251
1274,506,254,251
1275,507,255
1276,508,254,253
1277,509,255
1278,510,255
1279,511
1280,384,320,288,272,264,260,258,257
1281,385,321,289,273,265,261,259
1282,386,322,290,274,266,262,259
1283,387,323,291,275,267,263
1284,388,324,292,276,268,262,261
1285,389,325,293,277,269,263
1286,390,326,294,278,270,263
1287,391,327,295,279,271
1288,392,328,296,280,268,266,265
1289,393,329,297,281,269,267
1290,394,330,298,282,270,267
1291,395,331,299,283,271
1292,396,332,300,284,270,269
1293,397,333,301,285,271
1294,398,334,302,286,271
1295,399,335,303,287
1296,400,336,304,280,276,274,273
1297,401,337,305,281,277,275
1298,402,338,306,282,278,275
1299,403,339,307,283,279
1300,404,340,308,284,278,277
1301,405,341,309,285,279
1302,406,342,310,286,279
1303,407,343,311,287
1304,408,344,312,284,282,281
1305,409,345,313,285,283
1306,410,346,314,286,283
1307,411,347,315,287
1308,412,348,316,286,285
1309,413,349,317,287
1310,414,350,318,287
1311,415,351,319
1312,416,352,304,296,292,290,289
1313,417,353,305,297,293,291
1314,418,354,306,298,294,291
1315,419,355,307,299,295
1316,420,356,308,300,294,293
1317,421,357,309,301,295
1318,422,358,310,302,295
1319,423,359,311,303
1320,424,360,312,300,298,297
1321,425,361,313,301,299
1322,426,362,314,302,299
1323,427,363,315,303
1324,428,364,316,302,301
1325,429,365,317,303
1326,430,366,318,303
1327,431,367,319
1328,432,368,312,308,306,305
1329,433,369,313,309,307
1330,434,370,314,310,307
1331,435,371,315,311
1332,436,372,316,310,309
1333,437,373,317,311
1334,438,374,318,311
1335,439,375,319
1336,440,376,316,314,313
1337,441,377,317,315
1338,442,378,318,315
1339,443,379,319
1340,444,380,318,317
1341,445,381,319
1342,446,382,319
1343,447,383
1344,448,352,336,328,324,322,321
1345,449,353,337,329,325,323
1346,450,354,338,330,326,323
1347,451,355,339,331,327
1348,452,356,340,332,326,325
1349,453,357,341,333,327
1350,454,358,342,334,327
1351,455,359,343,335
1352,456,360,344,332,330,329
1353,457,361,345,333,331
1354,458,362,346,334,331
1355,459,363,347,335
1356,460,364,348,334,333
1357,461,365,349,335
1358,462,366,350,335
1359,463,367,351
1360,464,368,344,340,338,337
1361,465,369,345,341,339
1362,466,370,346,342,339
1363,467,371,347,343
1364,468,372,348,342,341
1365,469,373,349,343
1366,470,374,350,343
1367,471,375,351
1368,472,376,348,346,345
1369,473,377,349,347
1370,474,378,350,347
1371,475,379,351
1372,476,380,350,349
1373,477,381,351
1374,478,382,351
1375,479,383
1376,480,368,360,356,354,353
1377,481,369,361,357,355
1378,482,370,362,358,355
1379,483,371,363,359
1380,484,372,364,358,357
1381,485,373,365,359
1382,486,374,366,359
1383,487,375,367
1384,488,376,364,362,361
1385,489,377,365,363
1386,490,378,366,363
1387,491,379,367
1388,492,380,366,365
1389,493,381,367
1390,494,382,367
1391,495,383
1392,496,376,372,370,369
1393,497,377,373,371
1394,498,378,374,371
1395,499,379,375
1396,500,380,374,373
1397,501,381,375
1398,502,382,375
1399,503,383
1400,504,380,378,377
1401,505,381,379
1402,506,382,379
1403,507,383
1404,508,382,381
1405,509,383
1406,510,383
1407,511
1408,448,416,400,392,388,386,385
1409,449,417,401,393,389,387
1410,450,418,402,394,390,387
1411,451,419,403,395,391
1412,452,420,404,396,390,389
1413,453,421,405,397,391
1414,454,422,406,398,391
1415,455,423,407,399
1416,456,424,408,396,394,393
1417,457,425,409,397,395
1418,458,426,410,398,395
1419,459,427,411,399
1420,460,428,412,398,397
1421,461,429,413,399
1422,462,430,414,399
1423,463,431,415
1424,464,432,408,404,402,401
1425,465,433,409,405,403
1426,466,434,410,406,403
1427,467,435,411,407
1428,468,436,412,406,405
1429,469,437,413,407
1430,470,438,414,407
1431,471,439,415
1432,472,440,412,410,409
1433,473,441,413,411
1434,474,442,414,411
1435,475,443,415
1436,476,444,414,413
1437,477,445,415
1438,478,446,415
1439,479,447
1440,480,432,424,420,418,417
1441,481,433,425,421,419
1442,482,434,426,422,419
1443,483,435,427,423
1444,484,436,428,422,421
1445,485,437,429,423
1446,486,438,430,423
1447,487,439,431
1448,488,440,428,426,425
1449,489,441,429,427
1450,490,442,430,427
1451,491,443,431
1452,492,444,430,429
1453,493,445,431
1454,494,446,431
1455,495,447
1456,496,440,436,434,433
1457,497,441,437,435
1458,498,442,438,435
1459,499,443,439
1460,500,444,438,437
1461,501,445,439
1462,502,446,439
1463,503,447
1464,504,444,442,441
1465,505,445,443
1466,506,446,443
1467,507,447
1468,508,446,445
1469,509,447
1470,510,447
1471,511
1472,480,464,456,452,450,449
1473,481,465,457,453,451
1474,482,466,458,454,451
1475,483,467,459,455
1476,484,468,460,454,453
1477,485,469,461,455
1478,486,470,462,455
1479,487,471,463
1480,488,472,460,458,457
1481,489,473,461,459
1482,490,474,462,459
1483,491,475,463
1484,492,476,462,461
1485,493,477,463
1486,494,478,463
1487,495,479
1488,496,472,468,466,465
1489,497,473,469,467
1490,498,474,470,467
1491,499,475,471
1492,500,476,470,469
1493,501,477,471
1494,502,478,471
1495,503,479
1496,504,476,474,473
1497,505,477,475
1498,506,478,475
1499,507,479
1500,508,478,477
1501,509,479
1502,510,479
1503,511
1504,496,488,484,482,481
1505,497,489,485,483
1506,498,490,486,483
1507,499,491,487
1508,500,492,486,485
1509,501,493,487
1510,502,494,487
1511,503,495
1512,504,492,490,489
1513,505,493,491
1514,506,494,491
1515,507,495
1516,508,494,493
1517,509,495
1518,510,495
1519,511
1520,504,500,498,497
1521,505,501,499
1522,506,502,499
1523,507,503
1524,508,502,501
1525,509,503
1526,510,503
1527,511
1528,508,506,505
1529,509,507
1530,510,507
1531,511
1532,510,509
1533,511
1534,511
511
512
1025,512
1026,512
1027,513,514
1028,512
1029,513,516
1030,514,516
1031,515,517,518
1032,512
1033,513,520
1034,514,520
1035,515,521,522
1036,516,520
1037,517,521,524
1038,518,522,524
1039,519,523,525,526
1040,512
1041,513,528
1042,514,528
1043,515,529,530
1044,516,528
1045,517,529,532
1046,518,530,532
1047,519,531,533,534
1048,520,528
1049,521,529,536
1050,522,530,536
1051,523,531,537,538
1052,524,532,536
1053,525,533,537,540
1054,526,534,538,540
1055,527,535,539,541,542
1056,512
1057,513,544
1058,514,544
1059,515,545,546
1060,516,544
1061,517,545,548
1062,518,546,548
1063,519,547,549,550
1064,520,544
1065,521,545,552
1066,522,546,552
1067,523,547,553,554
1068,524,548,552
1069,525,549,553,556
1070,526,550,554,556
1071,527,551,555,557,558
1072,528,544
1073,529,545,560
1074,530,546,560
1075,531,547,561,562
1076,532,548,560
1077,533,549,561,564
1078,534,550,562,564
1079,535,551,563,565,566
1080,536,552,560
1081,537,553,561,568
1082,538,554,562,568
1083,539,555,563,569,570
1084,540,556,564,568
1085,541,557,565,569,572
1086,542,558,566,570,572
1087,543,559,567,571,573,574
1088,512
1089,513,576
1090,514,576
1091,515,577,578
1092,516,576
1093,517,577,580
1094,518,578,580
1095,519,579,581,582
1096,520,576
1097,521,577,584
1098,522,578,584
1099,523,579,585,586
1100,524,580,584
1101,525,581,585,588
1102,526,582,586,588
1103,527,583,587,589,590
1104,528,576
1105,529,577,592
1106,530,578,592
1107,531,579,593,594
1108,532,580,592
1109,533,581,593,596
1110,534,582,594,596
1111,535,583,595,597,598
1112,536,584,592
1113,537,585,593,600
1114,538,586,594,600
1115,539,587,595,601,602
1116,540,588,596,600
1117,541,589,597,601,604
1118,542,590,598,602,604
1119,543,591,599,603,605,606
1120,544,576
1121,545,577,608
1122,546,578,608
1123,547,579,609,610
1124,548,580,608
1125,549,581,609,612
1126,550,582,610,612
1127,551,583,611,613,614
1128,552,584,608
1129,553,585,609,616
1130,554,586,610,616
1131,555,587,611,617,618
1132,556,588,612,616
1133,557,589,613,617,620
1134,558,590,614,618,620
1135,559,591,615,619,621,622
1136,560,592,608
1137,561,593,609,624
1138,562,594,610,624
1139,563,595,611,625,626
1140,564,596,612,624
1141,565,597,613,625,628
1142,566,598,614,626,628
1143,567,599,615,627,629,630
1144,568,600,616,624
1145,569,601,617,625,632
1146,570,602,618,626,632
1147,571,603,619,627,633,634
1148,572,604,620,628,632
1149,573,605,621,629,633,636
1150,574,606,622,630,634,636
1151,575,607,623,631,635,637,638
1152,512
1153,513,640
1154,514,640
1155,515,641,642
1156,516,640
1157,517,641,644
1158,518,642,644
1159,519,643,645,646
1160,520,640
1161,521,641,648
1162,522,642,648
1163,523,643,649,650
1164,524,644,648
1165,525,645,649,652
1166,526,646,650,652
1167,527,647,651,653,654
1168,528,640
1169,529,641,656
1170,530,642,656
1171,531,643,657,658
1172,532,644,656
1173,533,645,657,660
1174,534,646,658,660
1175,535,647,659,661,662
1176,536,648,656
1177,537,649,657,664
1178,538,650,658,664
1179,539,651,659,665,666
1180,540,652,660,664
1181,541,653,661,665,668
1182,542,654,662,666,668
1183,543,655,663,667,669,670
1184,544,640
1185,545,641,672
1186,546,642,672
1187,547,643,673,674
1188,548,644,672
1189,549,645,673,676
1190,550,646,674,676
1191,551,647,675,677,678
1192,552,648,672
1193,553,649,673,680
1194,554,650,674,680
1195,555,651,675,681,682
1196,556,652,676,680
1197,557,653,677,681,684
1198,558,654,678,682,684
1199,559,655,679,683,685,686
1200,560,656,672
1201,561,657,673,688
1202,562,658,674,688
1203,563,659,675,689,690
1204,564,660,676,688
1205,565,661,677,689,692
1206,566,662,678,690,692
1207,567,663,679,691,693,694
1208,568,664,680,688
1209,569,665,681,689,696
1210,570,666,682,690,696
1211,571,667,683,691,697,698
1212,572,668,684,692,696
1213,573,669,685,693,697,700
1214,574,670,686,694,698,700
1215,575,671,687,695,699,701,702
1216,576,640
1217,577,641,704
1218,578,642,704
1219,579,643,705,706
1220,580,644,704
1221,581,645,705,708
1222,582,646,706,708
1223,583,647,707,709,710
1224,584,648,704
1225,585,649,705,712
1226,586,650,706,712
1227,587,651,707,713,714
1228,588,652,708,712
1229,589,653,709,713,716
1230,590,654,710,714,716
1231,591,655,711,715,717,718
1232,592,656,704
1233,593,657,705,720
1234,594,658,706,720
1235,595,659,707,721,722
1236,596,660,708,720
1237,597,661,709,721,724
1238,598,662,710,722,724
1239,599,663,711,723,725,726
1240,600,664,712,720
1241,601,665,713,721,728
1242,602,666,714,722,728
1243,603,667,715,723,729,730
1244,604,668,716,724,728
1245,605,669,717,725,729,732
1246,606,670,718,726,730,732
1247,607,671,719,727,731,733,734
1248,608,672,704
1249,609,673,705,736
1250,610,674,706,736
1251,611,675,707,737,738
1252,612,676,708,736
1253,613,677,709,737,740
1254,614,678,710,738,740
1255,615,679,711,739,741,742
1256,616,680,712,736
1257,617,681,713,737,744
1258,618,682,714,738,744
1259,619,683,715,739,745,746
1260,620,684,716,740,744
1261,621,685,717,741,745,748
1262,622,686,718,742,746,748
1263,623,687,719,743,747,749,750
1264,624,688,720,736
1265,625,689,721,737,752
1266,626,690,722,738,752
1267,627,691,723,739,753,754
1268,628,692,724,740,752
1269,629,693,725,741,753,756
1270,630,694,726,742,754,756
1271,631,695,727,743,755,757,758
1272,632,696,728,744,752
1273,633,697,729,745,753,760
1274,634,698,730,746,754,760
1275,635,699,731,747,755,761,762
1276,636,700,732,748,756,760
1277,637,701,733,749,757,761,764
1278,638,702,734,750,758,762,764
1279,639,703,735,751,759,763,765,766
1280,512
1281,513,768
1282,514,768
1283,515,769,770
1284,516,768
1285,517,769,772
1286,518,770,772
1287,519,771,773,774
1288,520,768
1289,521,769,776
1290,522,770,776
1291,523,771,777,778
1292,524,772,776
1293,525,773,777,780
1294,526,774,778,780
1295,527,775,779,781,782
1296,528,768
1297,529,769,784
1298,530,770,784
1299,531,771,785,786
1300,532,772,784
1301,533,773,785,788
1302,534,774,786,788
1303,535,775,787,789,790
1304,536,776,784
1305,537,777,785,792
1306,538,778,786,792
1307,539,779,787,793,794
1308,540,780,788,792
1309,541,781,789,793,796
1310,542,782,790,794,796
1311,543,783,791,795,797,798
1312,544,768
1313,545,769,800
1314,546,770,800
1315,547,771,801,802
1316,548,772,800
1317,549,773,801,804
1318,550,774,802,804
1319,551,775,803,805,806
1320,552,776,800
1321,553,777,801,808
1322,554,778,802,808
1323,555,779,803,809,810
1324,556,780,804,808
1325,557,781,805,809,812
1326,558,782,806,810,812
1327,559,783,807,811,813,814
1328,560,784,800
1329,561,785,801,816
1330,562,786,802,816
1331,563,787,803,817,818
1332,564,788,804,816
1333,565,789,805,817,820
1334,566,790,806,818,820
1335,567,791,807,819,821,822
1336,568,792,808,816
1337,569,793,809,817,824
1338,570,794,810,818,824
1339,571,795,811,819,825,826
1340,572,796,812,820,824
1341,573,797,813,821,825,828
1342,574,798,814,822,826,828
1343,575,799,815,823,827,829,830
1344,576,768
1345,577,769,832
1346,578,770,832
1347,579,771,833,834
1348,580,772,832
1349,581,773,833,836
1350,582,774,834,836
1351,583,775,835,837,838
1352,584,776,832
1353,585,777,833,840
1354,586,778,834,840
1355,587,779,835,841,842
1356,588,780,836,840
1357,589,781,837,841,844
1358,590,782,838,842,844
1359,591,783,839,843,845,846
1360,592,784,832
1361,593,785,833,848
1362,594,786,834,848
1363,595,787,835,849,850
1364,596,788,836,848
1365,597,789,837,849,852
1366,598,790,838,850,852
1367,599,791,839,851,853,854
1368,600,792,840,848
1369,601,793,841,849,856
1370,602,794,842,850,856
1371,603,795,843,851,857,858
1372,604,796,844,852,856
1373,605,797,845,853,857,860
1374,606,798,846,854,858,860
1375,607,799,847,855,859,861,862
1376,608,800,832
1377,609,801,833,864
1378,610,802,834,864
1379,611,803,835,865,866
1380,612,804,836,864
1381,613,805,837,865,868
1382,614,806,838,866,868
1383,615,807,839,867,869,870
1384,616,808,840,864
1385,617,809,841,865,872
1386,618,810,842,866,872
1387,619,811,843,867,873,874
1388,620,812,844,868,872
1389,621,813,845,869,873,876
1390,622,814,846,870,874,876
1391,623,815,847,871,875,877,878
1392,624,816,848,864
1393,625,817,849,865,880
1394,626,818,850,866,880
1395,627,819,851,867,881,882
1396,628,820,852,868,880
1397,629,821,853,869,881,884
1398,630,822,854,870,882,884
1399,631,823,855,871,883,885,886
1400,632,824,856,872,880
1401,633,825,857,873,881,888
1402,634,826,858,874,882,888
1403,635,827,859,875,883,889,890
1404,636,828,860,876,884,888
1405,637,829,861,877,885,889,892
1406,638,830,862,878,886,890,892
1407,639,831,863,879,887,891,893,894
1408,640,768
1409,641,769,896
1410,642,770,896
1411,643,771,897,898
1412,644,772,896
1413,645,773,897,900
1414,646,774,898,900
1415,647,775,899,901,902
1416,648,776,896
1417,649,777,897,904
1418,650,778,898,904
1419,651,779,899,905,906
1420,652,780,900,904
1421,653,781,901,905,908
1422,654,782,902,906,908
1423,655,783,903,907,909,910
1424,656,784,896
1425,657,785,897,912
1426,658,786,898,912
1427,659,787,899,913,914
1428,660,788,900,912
1429,661,789,901,913,916
1430,662,790,902,914,916
1431,663,791,903,915,917,918
1432,664,792,904,912
1433,665,793,905,913,920
1434,666,794,906,914,920
1435,667,795,907,915,921,922
1436,668,796,908,916,920
1437,669,797,909,917,921,924
1438,670,798,910,918,922,924
1439,671,799,911,919,923,925,926
1440,672,800,896
1441,673,801,897,928
1442,674,802,898,928
1443,675,803,899,929,930
1444,676,804,900,928
1445,677,805,901,929,932
1446,678,806,902,930,932
1447,679,807,903,931,933,934
1448,680,808,904,928
1449,681,809,905,929,936
1450,682,810,906,930,936
1451,683,811,907,931,937,938
1452,684,812,908,932,936
1453,685,813,909,933,937,940
1454,686,814,910,934,938,940
1455,687,815,911,935,939,941,942
1456,688,816,912,928
1457,689,817,913,929,944
1458,690,818,914,930,944
1459,691,819,915,931,945,946
1460,692,820,916,932,944
1461,693,821,917,933,945,948
1462,694,822,918,934,946,948
1463,695,823,919,935,947,949,950
1464,696,824,920,936,944
1465,697,825,921,937,945,952
1466,698,826,922,938,946,952
1467,699,827,923,939,947,953,954
1468,700,828,924,940,948,952
1469,701,829,925,941,949,953,956
1470,702,830,926,942,950,954,956
1471,703,831,927,943,951,955,957,958
1472,704,832,896
1473,705,833,897,960
1474,706,834,898,960
1475,707,835,899,961,962
1476,708,836,900,960
1477,709,837,901,961,964
1478,710,838,902,962,964
1479,711,839,903,963,965,966
1480,712,840,904,960
1481,713,841,905,961,968
1482,714,842,906,962,968
1483,715,843,907,963,969,970
1484,716,844,908,964,968
1485,717,845,909,965,969,972
1486,718,846,910,966,970,972
1487,719,847,911,967,971,973,974
1488,720,848,912,960
1489,721,849,913,961,976
1490,722,850,914,962,976
1491,723,851,915,963,977,978
1492,724,852,916,964,976
1493,725,853,917,965,977,980
1494,726,854,918,966,978,980
1495,727,855,919,967,979,981,982
1496,728,856,920,968,976
1497,729,857,921,969,977,984
1498,730,858,922,970,978,984
1499,731,859,923,971,979,985,986
1500,732,860,924,972,980,984
1501,733,861,925,973,981,985,988
1502,734,862,926,974,982,986,988
1503,735,863,927,975,983,987,989,990
1504,736,864,928,960
1505,737,865,929,961,992
1506,738,866,930,962,992
1507,739,867,931,963,993,994
1508,740,868,932,964,992
1509,741,869,933,965,993,996
1510,742,870,934,966,994,996
1511,743,871,935,967,995,997,998
1512,744,872,936,968,992
1513,745,873,937,969,993,1000
1514,746,874,938,970,994,1000
1515,747,875,939,971,995,1001,1002
1516,748,876,940,972,996,1000
1517,749,877,941,973,997,1001,1004
1518,750,878,942,974,998,1002,1004
1519,751,879,943,975,999,1003,1005,1006
1520,752,880,944,976,992
1521,753,881,945,977,993,1008
1522,754,882,946,978,994,1008
1523,755,883,947,979,995,1009,1010
1524,756,884,948,980,996,1008
1525,757,885,949,981,997,1009,1012
1526,758,886,950,982,998,1010,1012
1527,759,887,951,983,999,1011,1013,1014
1528,760,888,952,984,1000,1008
1529,761,889,953,985,1001,1009,1016
1530,762,890,954,986,1002,1010,1016
1531,763,891,955,987,1003,1011,1017,1018
1532,764,892,956,988,1004,1012,1016
1533,765,893,957,989,1005,1013,1017,1020
1534,766,894,958,990,1006,1014,1018,1020
511,767,895,959,991,1007,1015,1019,1021,1022
1024
1025
1026
1027
1028
1029
1030
1031
1032
1033
1034
1035
1036
1037
1038
1039
1040
1041
1042
1043
1044
1045
1046
1047
1048
1049
1050
1051
1052
1053
1054
1055
1056
1057
1058
1059
1060
1061
1062
1063
1064
1065
1066
1067
1068
1069
1070
1071
1072
1073
1074
1075
1076
1077
1078
1079
1080
1081
1082
1083
1084
1085
1086
1087
1088
1089
1090
1091
1092
1093
1094
1095
1096
1097
1098
1099
1100
1101
1102
1103
1104
1105
1106
1107
1108
1109
1110
1111
1112
1113
1114
1115
1116
1117
1118
1119
1120
1121
1122
1123
1124
1125
1126
1127
1128
1129
1130
1131
1132
1133
1134
1135
1136
1137
1138
1139
1140
1141
1142
1143
1144
1145
1146
1147
1148
1149
1150
1151
1152
1153
1154
1155
1156
1157
1158
1159
1160
1161
1162
1163
1164
1165
1166
1167
1168
1169
1170
1171
1172
1173
1174
1175
1176
1177
1178
1179
1180
1181
1182
1183
1184
1185
1186
1187
1188
1189
1190
1191
1192
1193
1194
1195
1196
1197
1198
1199
1200
1201
1202
1203
1204
1205
1206
1207
1208
1209
1210
1211
1212
1213
1214
1215
1216
1217
1218
1219
1220
1221
1222
1223
1224
1225
1226
1227
1228
1229
1230
1231
1232
1233
1234
1235
1236
1237
1238
1239
1240
1241
1242
1243
1244
1245
1246
1247
1248
1249
1250
1251
1252
1253
1254
1255
1256
1257
1258
1259
1260
1261
1262
1263
1264
1265
1266
1267
1268
1269
1270
1271
1272
1273
1274
1275
1276
1277
1278
1279
1280
1281
1282
1283
1284
1285
1286
1287
1288
1289
1290
1291
1292
1293
1294
1295
1296
1297
1298
1299
1300
1301
1302
1303
1304
1305
1306
1307
1308
1309
1310
1311
1312
1313
1314
1315
1316
1317
1318
1319
1320
1321
1322
1323
1324
1325
1326
1327
1328
1329
1330
1331
1332
1333
1334
1335
1336
1337
1338
1339
1340
1341
1342
1343
1344
1345
1346
1347
1348
1349
1350
1351
1352
1353
1354
1355
1356
1357
1358
1359
1360
1361
1362
1363
1364
1365
1366
1367
1368
1369
1370
1371
1372
1373
1374
1375
1376
1377
1378
1379
1380
1381
1382
1383
1384
1385
1386
1387
1388
1389
1390
1391
1392
1393
1394
1395
1396
1397
1398
1399
1400
1401
1402
1403
1404
1405
1406
1407
1408
1409
1410
1411
1412
1413
1414
1415
1416
1417
1418
1419
1420
1421
1422
1423
1424
1425
1426
1427
1428
1429
1430
1431
1432
1433
1434
1435
1436
1437
1438
1439
1440
1441
1442
1443
1444
1445
1446
1447
1448
1449
1450
1451
1452
1453
1454
1455
1456
1457
1458
1459
1460
1461
1462
1463
1464
1465
1466
1467
1468
1469
1470
1471
1472
1473
1474
1475
1476
1477
1478
1479
1480
1481
1482
1483
1484
1485
1486
1487
1488
1489
1490
1491
1492
1493
1494
1495
1496
1497
1498
1499
1500
1501
1502
1503
1504
1505
1506
1507
1508
1509
1510
1511
1512
1513
1514
1515
1516
1517
1518
1519
1520
1521
1522
1523
1524
1525
1526
1527
1528
1529
1530
1531
1532
1533
1534
1535
1536
1537
1538
1539
1540
1541
1542
1543
1544
1545
1546
1547
1548
1549
1550
1551
1552
1553
1554
1555
1556
1557
1558
1559
1560
1561
1562
1563
1564
1565
1566
1567
1568
1569
1570
1571
1572
1573
1574
1575
1576
1577
1578
1579
1580
1581
1582
1583
1584
1585
1586
1587
1588
1589
1590
1591
1592
1593
1594
1595
1596
1597
1598
1599
1600
1601
1602
1603
1604
1605
1606
1607
1608
1609
1610
1611
1612
1613
1614
1615
1616
1617
1618
1619
1620
1621
1622
1623
1624
1625
1626
1627
1628
1629
1630
1631
1632
1633
1634
1635
1636
1637
1638
1639
1640
1641
1642
1643
1644
1645
1646
1647
1648
1649
1650
1651
1652
1653
1654
1655
1656
1657
1658
1659
1660
1661
1662
1663
1664
1665
1666
1667
1668
1669
1670
1671
1672
1673
1674
1675
1676
1677
1678
1679
1680
1681
1682
1683
1684
1685
1686
1687
1688
1689
1690
1691
1692
1693
1694
1695
1696
1697
1698
1699
1700
1701
1702
1703
1704
1705
1706
1707
1708
1709
1710
1711
1712
1713
1714
1715
1716
1717
1718
1719
1720
1721
1722
1723
1724
1725
1726
1727
1728
1729
1730
1731
1732
1733
1734
1735
1736
1737
1738
1739
1740
1741
1742
1743
1744
1745
1746
1747
1748
1749
1750
1751
1752
1753
1754
1755
1756
1757
1758
1759
1760
1761
1762
1763
1764
1765
1766
1767
1768
1769
1770
1771
1772
1773
1774
1775
1776
1777
1778
1779
1780
1781
1782
1783
1784
1785
1786
1787
1788
1789
1790
1791
1792
1793
1794
1795
1796
1797
1798
1799
1800
1801
1802
1803
1804
1805
1806
1807
1808
1809
1810
1811
1812
1813
1814
1815
1816
1817
1818
1819
1820
1821
1822
1823
1824
1825
1826
1827
1828
1829
1830
1831
1832
1833
1834
1835
1836
1837
1838
1839
1840
1841
1842
1843
1844
1845
1846
1847
1848
1849
1850
1851
1852
1853
1854
1855
1856
1857
1858
1859
1860
1861
1862
1863
1864
1865
1866
1867
1868
1869
1870
1871
1872
1873
1874
1875
1876
1877
1878
1879
1880
1881
1882
1883
1884
1885
1886
1887
1888
1889
1890
1891
1892
1893
1894
1895
1896
1897
1898
1899
1900
1901
1902
1903
1904
1905
1906
1907
1908
1909
1910
1911
1912
1913
1914
1915
1916
1917
1918
1919
1920
1921
1922
1923
1924
1925
1926
1927
1928
1929
1930
1931
1932
1933
1934
1935
1936
1937
1938
1939
1940
1941
1942
1943
1944
1945
1946
1947
1948
1949
1950
1951
1952
1953
1954
1955
1956
1957
1958
1959
1960
1961
1962
1963
1964
1965
1966
1967
1968
1969
1970
1971
1972
1973
1974
1975
1976
1977
1978
1979
1980
1981
1982
1983
1984
1985
1986
1987
1988
1989
1990
1991
1992
1993
1994
1995
1996
1997
1998
1999
2000
2001
2002
2003
2004
2005
2006
2007
2008
2009
2010
2011
2012
2013
2014
2015
2016
2017
2018
2019
2020
2021
2022
2023
2024
2025
2026
2027
2028
2029
2030
2031
2032
2033
2034
2035
2036
2037
2038
2039
2040
2041
2042
2043
2044
2045
2046
2047
2048
2049
2050
2051
2052
2053
2054
2055
2056
2057
2058
2059
2060
2061
2062
2063
2064
2065
2066
2067
2068
2069
2070
2071
2072
2073
2074
2075
2076
2077
2078
2079
2080
2081
2082
2083
2084
2085
2086
2087
2088
2089
2090
2091
2092
2093
2094
2095
2096
2097
2098
2099
2100
2101
2102
2103
2104
2105
2106
2107
2108
2109
2110
2111
2112
2113
2114
2115
2116
2117
2118
2119
2120
2121
2122
2123
2124
2125
2126
2127
2128
2129
2130
2131
2132
2133
2134
2135
2136
2137
2138
2139
2140
2141
2142
2143
2144
2145
2146
2147
2148
2149
2150
2151
2152
2153
2154
2155
2156
2157
2158
2159
2160
2161
2162
2163
2164
2165
2166
2167
2168
2169
2170
2171
2172
2173
2174
2175
2176
2177
2178
2179
2180
2181
2182
2183
2184
2185
2186
2187
2188
2189
2190
2191
2192
2193
2194
2195
2196
2197
2198
2199
2200
2201
2202
2203
2204
2205
2206
2207
2208
2209
2210
2211
2212
2213
2214
2215
2216
2217
2218
2219
2220
2221
2222
2223
2224
2225
2226
2227
2228
2229
2230
2231
2232
2233
2234
2235
2236
2237
2238
2239
2240
2241
2242
2243
2244
2245
2246
2247
2248
2249
2250
2251
2252
2253
2254
2255
2256
2257
2258
2259
2260
2261
2262
2263
2264
2265
2266
2267
2268
2269
2270
2271
2272
2273
2274
2275
2276
2277
2278
2279
2280
2281
2282
2283
2284
2285
2286
2287
2288
2289
2290
2291
2292
2293
2294
2295
2296
2297
2298
2299
2300
2301
2302
2303
2304
2305
2306
2307
2308
2309
2310
2311
2312
2313
2314
2315
2316
2317
2318
2319
2320
2321
2322
2323
2324
2325
2326
2327
2328
2329
2330
2331
2332
2333
2334
2335
2336
2337
2338
2339
2340
2341
2342
2343
2344
2345
2346
2347
2348
2349
2350
2351
2352
2353
2354
2355
2356
2357
2358
2359
2360
2361
2362
2363
2364
2365
2366
2367
2368
2369
2370
2371
2372
2373
2374
2375
2376
2377
2378
2379
2380
2381
2382
2383
2384
2385
2386
2387
2388
2389
2390
2391
2392
2393
2394
2395
2396
2397
2398
2399
2400
2401
2402
2403
2404
2405
2406
2407
2408
2409
2410
2411
2412
2413
2414
2415
2416
2417
2418
2419
2420
2421
2422
2423
2424
2425
2426
2427
2428
2429
2430
2431
2432
2433
2434
2435
2436
2437
2438
2439
2440
2441
2442
2443
2444
2445
2446
2447
2448
2449
2450
2451
2452
2453
2454
2455
2456
2457
2458
2459
2460
2461
2462
2463
2464
2465
2466
2467
2468
2469
2470
2471
2472
2473
2474
2475
2476
2477
2478
2479
2480
2481
2482
2483
2484
2485
2486
2487
2488
2489
2490
2491
2492
2493
2494
2495
2496
2497
2498
2499
2500
2501
2502
2503
2504
2505
2506
2507
2508
2509
2510
2511
2512
2513
2514
2515
2516
2517
2518
2519
2520
2521
2522
2523
2524
2525
2526
2527
2528
2529
2530
2531
2532
2533
2534
2535
2536
2537
2538
2539
2540
2541
2542
2543
2544
2545
2546
2547
2548
2549
2550
2551
2552
2553
2554
2555
2556
2557
2558
2559
2560
2561
2562
2563
2564
2565
2566
2567
2568
2569
2570
2571
2572
2573
2574
2575
2576
2577
2578
2579
2580
2581
2582
2583
2584
2585
2586
2587
2588
2589
2590
2591
2592
2593
2594
2595
2596
2597
2598
2599
2600
2601
2602
2603
2604
2605
2606
2607
2608
2609
2610
2611
2612
2613
2614
2615
2616
2617
2618
2619
2620
2621
2622
2623
2624
2625
2626
2627
2628
2629
2630
2631
2632
2633
2634
2635
2636
2637
2638
2639
2640
2641
2642
2643
2644
2645
2646
2647
2648
2649
2650
2651
2652
2653
2654
2655
2656
2657
2658
2659
2660
2661
2662
2663
2664
2665
2666
2667
2668
2669
2670
2671
2672
2673
2674
2675
2676
2677
2678
2679
2680
2681
2682
2683
2684
2685
2686
2687
2688
2689
2690
2691
2692
2693
2694
2695
2696
2697
2698
2699
2700
2701
2702
2703
2704
2705
2706
2707
2708
2709
2710
2711
2712
2713
2714
2715
2716
2717
2718
2719
2720
2721
2722
2723
2724
2725
2726
2727
2728
2729
2730
2731
2732
2733
2734
2735
2736
2737
2738
2739
2740
2741
2742
2743
2744
2745
2746
2747
2748
2749
2750
2751
2752
2753
2754
2755
2756
2757
2758
2759
2760
2761
2762
2763
2764
2765
2766
2767
2768
2769
2770
2771
2772
2773
2774
2775
2776
2777
2778
2779
2780
2781
2782
2783
2784
2785
2786
2787
2788
2789
2790
2791
2792
2793
2794
2795
2796
2797
2798
2799
2800
2801
2802
2803
2804
2805
2806
2807
2808
2809
2810
2811
2812
2813
2814
2815
2816
2817
2818
2819
2820
2821
2822
2823
2824
2825
2826
2827
2828
2829
2830
2831
2832
2833
2834
2835
2836
2837
2838
2839
2840
2841
2842
2843
2844
2845
2846
2847
2848
2849
2850
2851
2852
2853
2854
2855
2856
2857
2858
2859
2860
2861
2862
2863
2864
2865
2866
2867
2868
2869
2870
2871
2872
2873
2874
2875
2876
2877
2878
2879
2880
2881
2882
2883
2884
2885
2886
2887
2888
2889
2890
2891
2892
2893
2894
2895
2896
2897
2898
2899
2900
2901
2902
2903
2904
2905
2906
2907
2908
2909
2910
2911
2912
2913
2914
2915
2916
2917
2918
2919
2920
2921
2922
2923
2924
2925
2926
2927
2928
2929
2930
2931
2932
2933
2934
2935
2936
2937
2938
2939
2940
2941
2942
2943
2944
2945
2946
2947
2948
2949
2950
2951
2952
2953
2954
2955
2956
2957
2958
2959
2960
2961
2962
2963
2964
2965
2966
2967
2968
2969
2970
2971
2972
2973
2974
2975
2976
2977
2978
2979
2980
2981
2982
2983
2984
2985
2986
2987
2988
2989
2990
2991
2992
2993
2994
2995
2996
2997
2998
2999
3000
3001
3002
3003
3004
3005
3006
3007
3008
3009
3010
3011
3012
3013
3014
3015
3016
3017
3018
3019
3020
3021
3022
3023
3024
3025
3026
3027
3028
3029
3030
3031
3032
3033
3034
3035
3036
3037
3038
3039
3040
3041
3042
3043
3044
3045
3046
3047
3048
3049
3050
3051
3052
3053
3054
3055
3056
3057
3058
3059
3060
3061
3062
3063
3064
3065
3066
3067
3068
3069
3070
3071
3072
3073
3074
3075
3076
3077
3078
3079
3080
3081
3082
3083
3084
3085
3086
3087
3088
3089
3090
3091
3092
3093
3094
3095
3096
3097
3098
3099
3100
3101
3102
3103
3104
3105
3106
3107
3108
3109
3110
3111
3112
3113
3114
3115
3116
3117
3118
3119
3120
3121
3122
3123
3124
3125
3126
3127
3128
3129
3130
3131
3132
3133
3134
3135
3136
3137
3138
3139
3140
3141
3142
3143
3144
3145
3146
3147
3148
3149
3150
3151
3152
3153
3154
3155
3156
3157
3158
3159
3160
3161
3162
3163
3164
3165
3166
3167
3168
3169
3170
3171
3172
3173
3174
3175
3176
3177
3178
3179
3180
3181
3182
3183
3184
3185
3186
3187
3188
3189
3190
3191
3192
3193
3194
3195
3196
3197
3198
3199
3200
3201
3202
3203
3204
3205
3206
3207
3208
3209
3210
3211
3212
3213
3214
3215
3216
3217
3218
3219
3220
3221
3222
3223
3224
3225
3226
3227
3228
3229
3230
3231
3232
3233
3234
3235
3236
3237
3238
3239
3240
3241
3242
3243
3244
3245
3246
3247
3248
3249
3250
3251
3252
3253
3254
3255
3256
3257
3258
3259
3260
3261
3262
3263
3264
3265
3266
3267
3268
3269
3270
3271
3272
3273
3274
3275
3276
3277
3278
3279
3280
3281
3282
3283
3284
3285
3286
3287
3288
3289
3290
3291
3292
3293
3294
3295
3296
3297
3298
3299
3300
3301
3302
3303
3304
3305
3306
3307
3308
3309
3310
3311
3312
3313
3314
3315
3316
3317
3318
3319
3320
3321
3322
3323
3324
3325
3326
3327
3328
3329
3330
3331
3332
3333
3334
3335
3336
3337
3338
3339
3340
3341
3342
3343
3344
3345
3346
3347
3348
3349
3350
3351
3352
3353
3354
3355
3356
3357
3358
3359
3360
3361
3362
3363
3364
3365
3366
3367
3368
3369
3370
3371
3372
3373
3374
3375
3376
3377
3378
3379
3380
3381
3382
3383
3384
3385
3386
3387
3388
3389
3390
3391
3392
3393
3394
3395
3396
3397
3398
3399
3400
3401
3402
3403
3404
3405
3406
3407
3408
3409
3410
3411
3412
3413
3414
3415
3416
3417
3418
3419
3420
3421
3422
3423
3424
3425
3426
3427
3428
3429
3430
3431
3432
3433
3434
3435
3436
3437
3438
3439
3440
3441
3442
3443
3444
3445
3446
3447
3448
3449
3450
3451
3452
3453
3454
3455
3456
3457
3458
3459
3460
3461
3462
3463
3464
3465
3466
3467
3468
3469
3470
3471
3472
3473
3474
3475
3476
3477
3478
3479
3480
3481
3482
3483
3484
3485
3486
3487
3488
3489
3490
3491
3492
3493
3494
3495
3496
3497
3498
3499
3500
3501
3502
3503
3504
3505
3506
3507
3508
3509
3510
3511
3512
3513
3514
3515
3516
3517
3518
3519
3520
3521
3522
3523
3524
3525
3526
3527
3528
3529
3530
3531
3532
3533
3534
3535
3536
3537
3538
3539
3540
3541
3542
3543
3544
3545
3546
3547
3548
3549
3550
3551
3552
3553
3554
3555
3556
3557
3558
3559
3560
3561
3562
3563
3564
3565
3566
3567
3568
3569
3570
3571
3572
3573
3574
3575
3576
3577
3578
3579
3580
3581
3582
3583
3584
3585
3586
3587
3588
3589
3590
3591
3592
3593
3594
3595
3596
3597
3598
3599
3600
3601
3602
3603
3604
3605
3606
3607
3608
3609
3610
3611
3612
3613
3614
3615
3616
3617
3618
3619
3620
3621
3622
3623
3624
3625
3626
3627
3628
3629
3630
3631
3632
3633
3634
3635
3636
3637
3638
3639
3640
3641
3642
3643
3644
3645
3646
3647
3648
3649
3650
3651
3652
3653
3654
3655
3656
3657
3658
3659
3660
3661
3662
3663
3664
3665
3666
3667
3668
3669
3670
3671
3672
3673
3674
3675
3676
3677
3678
3679
3680
3681
3682
3683
3684
3685
3686
3687
3688
3689
3690
3691
3692
3693
3694
3695
3696
3697
3698
3699
3700
3701
3702
3703
3704
3705
3706
3707
3708
3709
3710
3711
3712
3713
3714
3715
3716
3717
3718
3719
3720
3721
3722
3723
3724
3725
3726
3727
3728
3729
3730
3731
3732
3733
3734
3735
3736
3737
3738
3739
3740
3741
3742
3743
3744
3745
3746
3747
3748
3749
3750
3751
3752
3753
3754
3755
3756
3757
3758
3759
3760
3761
3762
3763
3764
3765
3766
3767
3768
3769
3770
3771
3772
3773
3774
3775
3776
3777
3778
3779
3780
3781
3782
3783
3784
3785
3786
3787
3788
3789
3790
3791
3792
3793
3794
3795
3796
3797
3798
3799
3800
3801
3802
3803
3804
3805
3806
3807
3808
3809
3810
3811
3812
3813
3814
3815
3816
3817
3818
3819
3820
3821
3822
3823
3824
3825
3826
3827
3828
3829
3830
3831
3832
3833
3834
3835
3836
3837
3838
3839
3840
3841
3842
3843
3844
3845
3846
3847
3848
3849
3850
3851
3852
3853
3854
3855
3856
3857
3858
3859
3860
3861
3862
3863
3864
3865
3866
3867
3868
3869
3870
3871
3872
3873
3874
3875
3876
3877
3878
3879
3880
3881
3882
3883
3884
3885
3886
3887
3888
3889
3890
3891
3892
3893
3894
3895
3896
3897
3898
3899
3900
3901
3902
3903
3904
3905
3906
3907
3908
3909
3910
3911
3912
3913
3914
3915
3916
3917
3918
3919
3920
3921
3922
3923
3924
3925
3926
3927
3928
3929
3930
3931
3932
3933
3934
3935
3936
3937
3938
3939
3940
3941
3942
3943
3944
3945
3946
3947
3948
3949
3950
3951
3952
3953
3954
3955
3956
3957
3958
3959
3960
3961
3962
3963
3964
3965
3966
3967
3968
3969
3970
3971
3972
3973
3974
3975
3976
3977
3978
3979
3980
3981
3982
3983
3984
3985
3986
3987
3988
3989
3990
3991
3992
3993
3994
3995
3996
3997
3998
3999
4000
4001
4002
4003
4004
4005
4006
4007
4008
4009
4010
4011
4012
4013
4014
4015
4016
4017
4018
4019
4020
4021
4022
4023
4024
4025
4026
4027
4028
4029
4030
4031
4032
4033
4034
4035
4036
4037
4038
4039
4040
4041
4042
4043
4044
4045
4046
4047
4048
4049
4050
4051
4052
4053
4054
4055
4056
4057
4058
4059
4060
4061
4062
4063
4064
4065
4066
4067
4068
4069
4070
4071
4072
4073
4074
4075
4076
4077
4078
4079
4080
4081
4082
4083
4084
4085
4086
4087
4088
4089
4090
4091
4092
4093
4094
4095
4096
4097
4098
4099
4100
4101
4102
4103
4104
4105
4106
4107
4108
4109
4110
4111
4112
4113
4114
4115
4116
4117
4118
4119
4120
4121
4122
4123
4124
4125
4126
4127
4128
4129
4130
4131
4132
4133
4134
4135
4136
4137
4138
4139
4140
4141
4142
4143
4144
4145
4146
4147
4148
4149
4150
4151
4152
4153
4154
4155
4156
4157
4158
4159
4160
4161
4162
4163
4164
4165
4166
4167
4168
4169
4170
4171
4172
4173
4174
4175
4176
4177
4178
4179
4180
4181
4182
4183
4184
4185
4186
4187
4188
4189
4190
4191
4192
4193
4194
4195
4196
4197
4198
4199
4200
4201
4202
4203
4204
4205
4206
4207
4208
4209
4210
4211
4212
4213
4214
4215
4216
4217
4218
4219
4220
4221
4222
4223
4224
4225
4226
4227
4228
4229
4230
4231
4232
4233
4234
4235
4236
4237
4238
4239
4240
4241
4242
4243
4244
4245
4246
4247
4248
4249
4250
4251
4252
4253
4254
4255
4256
4257
4258
4259
4260
4261
4262
4263
4264
4265
4266
4267
4268
4269
4270
4271
4272
4273
4274
4275
4276
4277
4278
4279
4280
4281
4282
4283
4284
4285
4286
4287
4288
4289
4290
4291
4292
4293
4294
4295
4296
4297
4298
4299
4300
4301
4302
4303
4304
4305
4306
4307
4308
4309
4310
4311
4312
4313
4314
4315
4316
4317
4318
4319
4320
4321
4322
4323
4324
4325
4326
4327
4328
4329
4330
4331
4332
4333
4334
4335
4336
4337
4338
4339
4340
4341
4342
4343
4344
4345
4346
4347
4348
4349
4350
4351
4352
4353
4354
4355
4356
4357
4358
4359
4360
4361
4362
4363
4364
4365
4366
4367
4368
4369
4370
4371
4372
4373
4374
4375
4376
4377
4378
4379
4380
4381
4382
4383
4384
4385
4386
4387
4388
4389
4390
4391
4392
4393
4394
4395
4396
4397
4398
4399
4400
4401
4402
4403
4404
4405
4406
4407
4408
4409
4410
4411
4412
4413
4414
4415
4416
4417
4418
4419
4420
4421
4422
4423
4424
4425
4426
4427
4428
4429
4430
4431
4432
4433
4434
4435
4436
4437
4438
4439
4440
4441
4442
4443
4444
4445
4446
4447
4448
4449
4450
4451
4452
4453
4454
4455
4456
4457
4458
4459
4460
4461
4462
4463
4464
4465
4466
4467
4468
4469
4470
4471
4472
4473
4474
4475
4476
4477
4478
4479
4480
4481
4482
4483
4484
4485
4486
4487
4488
4489
4490
4491
4492
4493
4494
4495
4496
4497
4498
4499
4500
4501
4502
4503
4504
4505
4506
4507
4508
4509
4510
4511
4512
4513
4514
4515
4516
4517
4518
4519
4520
4521
4522
4523
4524
4525
4526
4527
4528
4529
4530
4531
4532
4533
4534
4535
4536
4537
4538
4539
4540
4541
4542
4543
4544
4545
4546
4547
4548
4549
4550
4551
4552
4553
4554
4555
4556
4557
4558
4559
4560
4561
4562
4563
4564
4565
4566
4567
4568
4569
4570
4571
4572
4573
4574
4575
4576
4577
4578
4579
4580
4581
4582
4583
4584
4585
4586
4587
4588
4589
4590
4591
4592
4593
4594
4595
4596
4597
4598
4599
4600
4601
4602
4603
4604
4605
4606
4607
4608
4609
4610
4611
4612
4613
4614
4615
4616
4617
4618
4619
4620
4621
4622
4623
4624
4625
4626
4627
4628
4629
4630
4631
4632
4633
4634
4635
4636
4637
4638
4639
4640
4641
4642
4643
4644
4645
4646
4647
4648
4649
4650
4651
4652
4653
4654
4655
4656
4657
4658
4659
4660
4661
4662
4663
4664
4665
4666
4667
4668
4669
4670
4671
4672
4673
4674
4675
4676
4677
4678
4679
4680
4681
4682
4683
4684
4685
4686
4687
4688
4689
4690
4691
4692
4693
4694
4695
4696
4697
4698
4699
4700
4701
4702
4703
4704
4705
4706
4707
4708
4709
4710
4711
4712
4713
4714
4715
4716
4717
4718
4719
4720
4721
4722
4723
4724
4725
4726
4727
4728
4729
4730
4731
4732
4733
4734
4735
4736
4737
4738
4739
4740
4741
4742
4743
4744
4745
4746
4747
4748
4749
4750
4751
4752
4753
4754
4755
4756
4757
4758
4759
4760
4761
4762
4763
4764
4765
4766
4767
4768
4769
4770
4771
4772
4773
4774
4775
4776
4777
4778
4779
4780
4781
4782
4783
4784
4785
4786
4787
4788
4789
4790
4791
4792
4793
4794
4795
4796
4797
4798
4799
4800
4801
4802
4803
4804
4805
4806
4807
4808
4809
4810
4811
4812
4813
4814
4815
4816
4817
4818
4819
4820
4821
4822
4823
4824
4825
4826
4827
4828
4829
4830
4831
4832
4833
4834
4835
4836
4837
4838
4839
4840
4841
4842
4843
4844
4845
4846
4847
4848
4849
4850
4851
4852
4853
4854
4855
4856
4857
4858
4859
4860
4861
4862
4863
4864
4865
4866
4867
4868
4869
4870
4871
4872
4873
4874
4875
4876
4877
4878
4879
4880
4881
4882
4883
4884
4885
4886
4887
4888
4889
4890
4891
4892
4893
4894
4895
4896
4897
4898
4899
4900
4901
4902
4903
4904
4905
4906
4907
4908
4909
4910
4911
4912
4913
4914
4915
4916
4917
4918
4919
4920
4921
4922
4923
4924
4925
4926
4927
4928
4929
4930
4931
4932
4933
4934
4935
4936
4937
4938
4939
4940
4941
4942
4943
4944
4945
4946
4947
4948
4949
4950
4951
4952
4953
4954
4955
4956
4957
4958
4959
4960
4961
4962
4963
4964
4965
4966
4967
4968
4969
4970
4971
4972
4973
4974
4975
4976
4977
4978
4979
4980
4981
4982
4983
4984
4985
4986
4987
4988
4989
4990
4991
4992
4993
4994
4995
4996
4997
4998
4999
5000
5001
5002
5003
5004
5005
5006
5007
5008
5009
5010
5011
5012
5013
5014
5015
5016
5017
5018
5019
5020
5021
5022
5023
5024
5025
5026
5027
5028
5029
5030
5031
5032
5033
5034
5035
5036
5037
5038
5039
5040
5041
5042
5043
5044
5045
5046
5047
5048
5049
5050
5051
5052
5053
5054
5055
5056
5057
5058
5059
5060
5061
5062
5063
5064
5065
5066
5067
5068
5069
5070
5071
5072
5073
5074
5075
5076
5077
5078
5079
5080
5081
5082
5083
5084
5085
5086
5087
5088
5089
5090
5091
5092
5093
5094
5095
5096
5097
5098
5099
5100
5101
5102
5103
5104
5105
5106
5107
5108
5109
5110
5111
5112
5113
5114
5115
5116
5117
5118
5119
