2304,1152,576,288,96,16,8,4,2,1
















2321,1169,593,305,209,33,16
2322,1170,594,306,210,34,16
2323,1171,595,307,211,35,17,18
2324,1172,596,308,212,36,16
2325,1173,597,309,213,37,17,20
2326,1174,598,310,214,38,18,20
2327,1175,599,311,215,39,19,21,22
2328,1176,600,312,216,40,16
2329,1177,601,313,217,41,17,24
2330,1178,602,314,218,42,18,24
2331,1179,603,315,219,43,19,25,26
2332,1180,604,316,220,44,20,24
2333,1181,605,317,221,45,21,25,28
2334,1182,606,318,222,46,22,26,28
2335,1183,607,319,223,47,23,27,29,30
2336,1184,608,320,128















2352,1200,624,336,144
2353,1201,625,337,145
2354,1202,626,338,146
2355,1203,627,339,147
2356,1204,628,340,148
2357,1205,629,341,149
2358,1206,630,342,150
2359,1207,631,343,151
2360,1208,632,344,152
2361,1209,633,345,153
2362,1210,634,346,154
2363,1211,635,347,155
2364,1212,636,348,156
2365,1213,637,349,157
2366,1214,638,350,158
2367,1215,639,351,159
2368,1216,640,352,160
2369,1217,641,353,161
2370,1218,642,354,162
2371,1219,643,355,163
2372,1220,644,356,164
2373,1221,645,357,165
2374,1222,646,358,166
2375,1223,647,359,167
2376,1224,648,360,168
2377,1225,649,361,169
2378,1226,650,362,170
2379,1227,651,363,171
2380,1228,652,364,172
2381,1229,653,365,173
2382,1230,654,366,174
2383,1231,655,367,175
2384,1232,656,368,176
2385,1233,657,369,177
2386,1234,658,370,178
2387,1235,659,371,179
2388,1236,660,372,180
2389,1237,661,373,181
2390,1238,662,374,182
2391,1239,663,375,183
2392,1240,664,376,184
2393,1241,665,377,185
2394,1242,666,378,186
2395,1243,667,379,187
2396,1244,668,380,188
2397,1245,669,381,189
2398,1246,670,382,190
2399,1247,671,383,191
















4720,1264,688,400,208,128
4721,1265,689,401,209,129,112
4722,1266,690,402,210,130,112
4723,1267,691,403,211,131,113,114
4724,1268,692,404,212,132,112
4725,1269,693,405,213,133,113,116
4726,1270,694,406,214,134,114,116
4727,1271,695,407,215,135,115,117,118
4728,1272,696,408,216,136,112
4729,1273,697,409,217,137,113,120
4730,1274,698,410,218,138,114,120
4731,1275,699,411,219,139,115,121,122
4732,1276,700,412,220,140,116,120
4733,1277,701,413,221,141,117,121,124
4734,1278,702,414,222,142,118,122,124
4735,1279,703,415,223,111,119,123,125,126
































































2496,1344,768,480,208,200,196,194,193































2528,1376,800,512,128,208
2529,1377,801,513,129,241
2530,1378,802,514,130,242
2531,1379,803,515,131,243
2532,1380,804,516,132,244
2533,1381,805,517,133,245
2534,1382,806,518,134,246
2535,1383,807,519,135,247
2536,1384,808,520,136,248
2537,1385,809,521,137,249
2538,1386,810,522,138,250
2539,1387,811,523,139,251
2540,1388,812,524,140,252
2541,1389,813,525,141,253
2542,1390,814,526,142,254
2543,1391,815,527,143,207
2544,1392,816,528














2559,1407,831,543
2560,1408,832,544
2561,1409,833,545
2562,1410,834,546
2563,1411,835,547
2564,1412,836,548
2565,1413,837,549
2566,1414,838,550
2567,1415,839,551
2568,1416,840,552
2569,1417,841,553
2570,1418,842,554
2571,1419,843,555
2572,1420,844,556
2573,1421,845,557
2574,1422,846,558
2575,1423,847,559
2576,1424,848,560
2577,1425,849,561
2578,1426,850,562
2579,1427,851,563
2580,1428,852,564
2581,1429,853,565
2582,1430,854,566
2583,1431,855,567
2584,1432,856,568
2585,1433,857,569
2586,1434,858,570
2587,1435,859,571
2588,1436,860,572
2589,1437,861,573
2590,1438,862,574
2591,1439,863,575
































































































































































































































































































































































































































































































































































































































































































































































































































































































































































































































































































































































































































































































































































































































































































































































































































































































































































































































































































































































































































































































































































































4704,2496,2432,2408,2404,2402,2401















4720,2320,2432
4721,2321,2433,2416
4722,2322,2434,2416
4723,2323,2435,2417,2418
4724,2324,2436,2416
4725,2325,2437,2417,2420
4726,2326,2438,2418,2420
4727,2327,2439,2419,2421,2422
4728,2328,2440,2416
4729,2329,2441,2417,2424
4730,2330,2442,2418,2424
4731,2331,2443,2419,2425,2426
4732,2332,2444,2420,2424
4733,2333,2445,2421,2425,2428
4734,2334,2446,2422,2426,2428
4735,2335,2415,2423,2427,2429,2430















4751,2351
4752,2352
4753,2353
4754,2354
4755,2355
4756,2356
4757,2357
4758,2358
4759,2359
4760,2360
4761,2361
4762,2362
4763,2363
4764,2364
4765,2365
4766,2366
4767,2367
4768,2368
4769,2369
4770,2370
4771,2371
4772,2372
4773,2373
4774,2374
4775,2375
4776,2376
4777,2377
4778,2378
4779,2379
4780,2380
4781,2381
4782,2382
4783,2383
4784,2384
4785,2385
4786,2386
4787,2387
4788,2388
4789,2389
4790,2390
4791,2391
4792,2392
4793,2393
4794,2394
4795,2395
4796,2396
4797,2397
4798,2398
4799,2399
































































































4896,2304,2784,2608,2600,2596,2594,2593
















4913,2321,2625,2608
4914,2322,2626,2608
4915,2323,2627,2609,2610
4916,2324,2628,2608
4917,2325,2629,2609,2612
4918,2326,2630,2610,2612
4919,2327,2631,2611,2613,2614
4920,2328,2632,2608
4921,2329,2633,2609,2616
4922,2330,2634,2610,2616
4923,2331,2635,2611,2617,2618
4924,2332,2636,2612,2616
4925,2333,2637,2613,2617,2620
4926,2334,2638,2614,2618,2620
4927,2335,2639,2615,2619,2621,2622
4928,2336















4944,2352
4945,2353
4946,2354
4947,2355
4948,2356
4949,2357
4950,2358
4951,2359
4952,2360
4953,2361
4954,2362
4955,2363
4956,2364
4957,2365
4958,2366
4959,2367
4960,2368
4961,2369
4962,2370
4963,2371
4964,2372
4965,2373
4966,2374
4967,2375
4968,2376
4969,2377
4970,2378
4971,2379
4972,2380
4973,2381
4974,2382
4975,2383
4976,2384
4977,2385
4978,2386
4979,2387
4980,2388
4981,2389
4982,2390
4983,2391
4984,2392
4985,2393
4986,2394
4987,2395
4988,2396
4989,2397
4990,2398
4991,2399
4992,2400,2784,2720,2696,2692,2690,2689















5008,2416,2608,2720
5009,2417,2609,2721,2704
5010,2418,2610,2722,2704
5011,2419,2611,2723,2705,2706
5012,2420,2612,2724,2704
5013,2421,2613,2725,2705,2708
5014,2422,2614,2726,2706,2708
5015,2423,2615,2727,2707,2709,2710
5016,2424,2616,2728,2704
5017,2425,2617,2729,2705,2712
5018,2426,2618,2730,2706,2712
5019,2427,2619,2731,2707,2713,2714
5020,2428,2620,2732,2708,2712
5021,2429,2621,2733,2709,2713,2716
5022,2430,2622,2734,2710,2714,2716
5023,2431,2623,2703,2711,2715,2717,2718















5039,2447,2639
5040,2448,2640
5041,2449,2641
5042,2450,2642
5043,2451,2643
5044,2452,2644
5045,2453,2645
5046,2454,2646
5047,2455,2647
5048,2456,2648
5049,2457,2649
5050,2458,2650
5051,2459,2651
5052,2460,2652
5053,2461,2653
5054,2462,2654
5055,2463,2655
5056,2464,2656
5057,2465,2657
5058,2466,2658
5059,2467,2659
5060,2468,2660
5061,2469,2661
5062,2470,2662
5063,2471,2663
5064,2472,2664
5065,2473,2665
5066,2474,2666
5067,2475,2667
5068,2476,2668
5069,2477,2669
5070,2478,2670
5071,2479,2671
5072,2480,2672
5073,2481,2673
5074,2482,2674
5075,2483,2675
5076,2484,2676
5077,2485,2677
5078,2486,2678
5079,2487,2679
5080,2488,2680
5081,2489,2681
5082,2490,2682
5083,2491,2683
5084,2492,2684
5085,2493,2685
5086,2494,2686
5087,2495,2687

















7409,2513,2833,2800
7410,2514,2834,2800
7411,2515,2835,2801,2802
7412,2516,2836,2800
7413,2517,2837,2801,2804
7414,2518,2838,2802,2804
7415,2519,2839,2803,2805,2806
7416,2520,2840,2800
7417,2521,2841,2801,2808
7418,2522,2842,2802,2808
7419,2523,2843,2803,2809,2810
7420,2524,2844,2804,2808
7421,2525,2845,2805,2809,2812
7422,2526,2846,2806,2810,2812
7423,2527,2799,2807,2811,2813,2814
7424,2528,2624,2800
7425,2529,2625,2833
7426,2530,2626,2834
7427,2531,2627,2835
7428,2532,2628,2836
7429,2533,2629,2837
7430,2534,2630,2838
7431,2535,2631,2839
7432,2536,2632,2840
7433,2537,2633,2841
7434,2538,2634,2842
7435,2539,2635,2843
7436,2540,2636,2844
7437,2541,2637,2845
7438,2542,2638,2846
7439,2543,2639,2799
7440,2544














7455,2559
7456,2560
7457,2561
7458,2562
7459,2563
7460,2564
7461,2565
7462,2566
7463,2567
7464,2568
7465,2569
7466,2570
7467,2571
7468,2572
7469,2573
7470,2574
7471,2575
7472,2576
7473,2577
7474,2578
7475,2579
7476,2580
7477,2581
7478,2582
7479,2583
7480,2584
7481,2585
7482,2586
7483,2587
7484,2588
7485,2589
7486,2590
7487,2591
5184,2304,3072,2896,2888,2884,2882,2881
















5201,2321,2913,2896
5202,2322,2914,2896
5203,2323,2915,2897,2898
5204,2324,2916,2896
5205,2325,2917,2897,2900
5206,2326,2918,2898,2900
5207,2327,2919,2899,2901,2902
5208,2328,2920,2896
5209,2329,2921,2897,2904
5210,2330,2922,2898,2904
5211,2331,2923,2899,2905,2906
5212,2332,2924,2900,2904
5213,2333,2925,2901,2905,2908
5214,2334,2926,2902,2906,2908
5215,2335,2927,2903,2907,2909,2910
5216,2336















5232,2352
5233,2353
5234,2354
5235,2355
5236,2356
5237,2357
5238,2358
5239,2359
5240,2360
5241,2361
5242,2362
5243,2363
5244,2364
5245,2365
5246,2366
5247,2367
5248,2368
5249,2369
5250,2370
5251,2371
5252,2372
5253,2373
5254,2374
5255,2375
5256,2376
5257,2377
5258,2378
5259,2379
5260,2380
5261,2381
5262,2382
5263,2383
5264,2384
5265,2385
5266,2386
5267,2387
5268,2388
5269,2389
5270,2390
5271,2391
5272,2392
5273,2393
5274,2394
5275,2395
5276,2396
5277,2397
5278,2398
5279,2399
5280,2400,3072,3008,2984,2980,2978,2977















5296,2416,2896,3008
5297,2417,2897,3009,2992
5298,2418,2898,3010,2992
5299,2419,2899,3011,2993,2994
5300,2420,2900,3012,2992
5301,2421,2901,3013,2993,2996
5302,2422,2902,3014,2994,2996
5303,2423,2903,3015,2995,2997,2998
5304,2424,2904,3016,2992
5305,2425,2905,3017,2993,3000
5306,2426,2906,3018,2994,3000
5307,2427,2907,3019,2995,3001,3002
5308,2428,2908,3020,2996,3000
5309,2429,2909,3021,2997,3001,3004
5310,2430,2910,3022,2998,3002,3004
5311,2431,2911,2991,2999,3003,3005,3006















5327,2447,2927
5328,2448,2928
5329,2449,2929
5330,2450,2930
5331,2451,2931
5332,2452,2932
5333,2453,2933
5334,2454,2934
5335,2455,2935
5336,2456,2936
5337,2457,2937
5338,2458,2938
5339,2459,2939
5340,2460,2940
5341,2461,2941
5342,2462,2942
5343,2463,2943
5344,2464,2944
5345,2465,2945
5346,2466,2946
5347,2467,2947
5348,2468,2948
5349,2469,2949
5350,2470,2950
5351,2471,2951
5352,2472,2952
5353,2473,2953
5354,2474,2954
5355,2475,2955
5356,2476,2956
5357,2477,2957
5358,2478,2958
5359,2479,2959
5360,2480,2960
5361,2481,2961
5362,2482,2962
5363,2483,2963
5364,2484,2964
5365,2485,2965
5366,2486,2966
5367,2487,2967
5368,2488,2968
5369,2489,2969
5370,2490,2970
5371,2491,2971
5372,2492,2972
5373,2493,2973
5374,2494,2974
5375,2495,2975

















7697,2513,3121,3088
7698,2514,3122,3088
7699,2515,3123,3089,3090
7700,2516,3124,3088
7701,2517,3125,3089,3092
7702,2518,3126,3090,3092
7703,2519,3127,3091,3093,3094
7704,2520,3128,3088
7705,2521,3129,3089,3096
7706,2522,3130,3090,3096
7707,2523,3131,3091,3097,3098
7708,2524,3132,3092,3096
7709,2525,3133,3093,3097,3100
7710,2526,3134,3094,3098,3100
7711,2527,3087,3095,3099,3101,3102
7712,2528,2912,3088
7713,2529,2913,3121
7714,2530,2914,3122
7715,2531,2915,3123
7716,2532,2916,3124
7717,2533,2917,3125
7718,2534,2918,3126
7719,2535,2919,3127
7720,2536,2920,3128
7721,2537,2921,3129
7722,2538,2922,3130
7723,2539,2923,3131
7724,2540,2924,3132
7725,2541,2925,3133
7726,2542,2926,3134
7727,2543,2927,3087
7728,2544














7743,2559
7744,2560
7745,2561
7746,2562
7747,2563
7748,2564
7749,2565
7750,2566
7751,2567
7752,2568
7753,2569
7754,2570
7755,2571
7756,2572
7757,2573
7758,2574
7759,2575
7760,2576
7761,2577
7762,2578
7763,2579
7764,2580
7765,2581
7766,2582
7767,2583
7768,2584
7769,2585
7770,2586
7771,2587
7772,2588
7773,2589
7774,2590
7775,2591
5472,2592,2880,3360,3184,3176,3172,3170,3169
















5489,2609,2897,3201,3184
5490,2610,2898,3202,3184
5491,2611,2899,3203,3185,3186
5492,2612,2900,3204,3184
5493,2613,2901,3205,3185,3188
5494,2614,2902,3206,3186,3188
5495,2615,2903,3207,3187,3189,3190
5496,2616,2904,3208,3184
5497,2617,2905,3209,3185,3192
5498,2618,2906,3210,3186,3192
5499,2619,2907,3211,3187,3193,3194
5500,2620,2908,3212,3188,3192
5501,2621,2909,3213,3189,3193,3196
5502,2622,2910,3214,3190,3194,3196
5503,2623,2911,3215,3191,3195,3197,3198
5504,2624,2912















5520,2640,2928
5521,2641,2929
5522,2642,2930
5523,2643,2931
5524,2644,2932
5525,2645,2933
5526,2646,2934
5527,2647,2935
5528,2648,2936
5529,2649,2937
5530,2650,2938
5531,2651,2939
5532,2652,2940
5533,2653,2941
5534,2654,2942
5535,2655,2943
5536,2656,2944
5537,2657,2945
5538,2658,2946
5539,2659,2947
5540,2660,2948
5541,2661,2949
5542,2662,2950
5543,2663,2951
5544,2664,2952
5545,2665,2953
5546,2666,2954
5547,2667,2955
5548,2668,2956
5549,2669,2957
5550,2670,2958
5551,2671,2959
5552,2672,2960
5553,2673,2961
5554,2674,2962
5555,2675,2963
5556,2676,2964
5557,2677,2965
5558,2678,2966
5559,2679,2967
5560,2680,2968
5561,2681,2969
5562,2682,2970
5563,2683,2971
5564,2684,2972
5565,2685,2973
5566,2686,2974
5567,2687,2975
5568,2688,2976,3360,3296,3272,3268,3266,3265















5584,2704,2992,3184,3296
5585,2705,2993,3185,3297,3280
5586,2706,2994,3186,3298,3280
5587,2707,2995,3187,3299,3281,3282
5588,2708,2996,3188,3300,3280
5589,2709,2997,3189,3301,3281,3284
5590,2710,2998,3190,3302,3282,3284
5591,2711,2999,3191,3303,3283,3285,3286
5592,2712,3000,3192,3304,3280
5593,2713,3001,3193,3305,3281,3288
5594,2714,3002,3194,3306,3282,3288
5595,2715,3003,3195,3307,3283,3289,3290
5596,2716,3004,3196,3308,3284,3288
5597,2717,3005,3197,3309,3285,3289,3292
5598,2718,3006,3198,3310,3286,3290,3292
5599,2719,3007,3199,3279,3287,3291,3293,3294















5615,2735,3023,3215
5616,2736,3024,3216
5617,2737,3025,3217
5618,2738,3026,3218
5619,2739,3027,3219
5620,2740,3028,3220
5621,2741,3029,3221
5622,2742,3030,3222
5623,2743,3031,3223
5624,2744,3032,3224
5625,2745,3033,3225
5626,2746,3034,3226
5627,2747,3035,3227
5628,2748,3036,3228
5629,2749,3037,3229
5630,2750,3038,3230
5631,2751,3039,3231
5632,2752,3040,3232
5633,2753,3041,3233
5634,2754,3042,3234
5635,2755,3043,3235
5636,2756,3044,3236
5637,2757,3045,3237
5638,2758,3046,3238
5639,2759,3047,3239
5640,2760,3048,3240
5641,2761,3049,3241
5642,2762,3050,3242
5643,2763,3051,3243
5644,2764,3052,3244
5645,2765,3053,3245
5646,2766,3054,3246
5647,2767,3055,3247
5648,2768,3056,3248
5649,2769,3057,3249
5650,2770,3058,3250
5651,2771,3059,3251
5652,2772,3060,3252
5653,2773,3061,3253
5654,2774,3062,3254
5655,2775,3063,3255
5656,2776,3064,3256
5657,2777,3065,3257
5658,2778,3066,3258
5659,2779,3067,3259
5660,2780,3068,3260
5661,2781,3069,3261
5662,2782,3070,3262
5663,2783,3071,3263

















7985,2801,3089,3409,3376
7986,2802,3090,3410,3376
7987,2803,3091,3411,3377,3378
7988,2804,3092,3412,3376
7989,2805,3093,3413,3377,3380
7990,2806,3094,3414,3378,3380
7991,2807,3095,3415,3379,3381,3382
7992,2808,3096,3416,3376
7993,2809,3097,3417,3377,3384
7994,2810,3098,3418,3378,3384
7995,2811,3099,3419,3379,3385,3386
7996,2812,3100,3420,3380,3384
7997,2813,3101,3421,3381,3385,3388
7998,2814,3102,3422,3382,3386,3388
7999,2815,3103,3375,3383,3387,3389,3390
8000,2816,3104,3200,3376
8001,2817,3105,3201,3409
8002,2818,3106,3202,3410
8003,2819,3107,3203,3411
8004,2820,3108,3204,3412
8005,2821,3109,3205,3413
8006,2822,3110,3206,3414
8007,2823,3111,3207,3415
8008,2824,3112,3208,3416
8009,2825,3113,3209,3417
8010,2826,3114,3210,3418
8011,2827,3115,3211,3419
8012,2828,3116,3212,3420
8013,2829,3117,3213,3421
8014,2830,3118,3214,3422
8015,2831,3119,3215,3375
8016,2832,3120














8031,2847,3135
8032,2848,3136
8033,2849,3137
8034,2850,3138
8035,2851,3139
8036,2852,3140
8037,2853,3141
8038,2854,3142
8039,2855,3143
8040,2856,3144
8041,2857,3145
8042,2858,3146
8043,2859,3147
8044,2860,3148
8045,2861,3149
8046,2862,3150
8047,2863,3151
8048,2864,3152
8049,2865,3153
8050,2866,3154
8051,2867,3155
8052,2868,3156
8053,2869,3157
8054,2870,3158
8055,2871,3159
8056,2872,3160
8057,2873,3161
8058,2874,3162
8059,2875,3163
8060,2876,3164
8061,2877,3165
8062,2878,3166
8063,2879,3167
5760,2304,3648,3472,3464,3460,3458,3457
















5777,2321,3489,3472
5778,2322,3490,3472
5779,2323,3491,3473,3474
5780,2324,3492,3472
5781,2325,3493,3473,3476
5782,2326,3494,3474,3476
5783,2327,3495,3475,3477,3478
5784,2328,3496,3472
5785,2329,3497,3473,3480
5786,2330,3498,3474,3480
5787,2331,3499,3475,3481,3482
5788,2332,3500,3476,3480
5789,2333,3501,3477,3481,3484
5790,2334,3502,3478,3482,3484
5791,2335,3503,3479,3483,3485,3486
5792,2336















5808,2352
5809,2353
5810,2354
5811,2355
5812,2356
5813,2357
5814,2358
5815,2359
5816,2360
5817,2361
5818,2362
5819,2363
5820,2364
5821,2365
5822,2366
5823,2367
5824,2368
5825,2369
5826,2370
5827,2371
5828,2372
5829,2373
5830,2374
5831,2375
5832,2376
5833,2377
5834,2378
5835,2379
5836,2380
5837,2381
5838,2382
5839,2383
5840,2384
5841,2385
5842,2386
5843,2387
5844,2388
5845,2389
5846,2390
5847,2391
5848,2392
5849,2393
5850,2394
5851,2395
5852,2396
5853,2397
5854,2398
5855,2399
5856,2400,3648,3584,3560,3556,3554,3553















5872,2416,3472,3584
5873,2417,3473,3585,3568
5874,2418,3474,3586,3568
5875,2419,3475,3587,3569,3570
5876,2420,3476,3588,3568
5877,2421,3477,3589,3569,3572
5878,2422,3478,3590,3570,3572
5879,2423,3479,3591,3571,3573,3574
5880,2424,3480,3592,3568
5881,2425,3481,3593,3569,3576
5882,2426,3482,3594,3570,3576
5883,2427,3483,3595,3571,3577,3578
5884,2428,3484,3596,3572,3576
5885,2429,3485,3597,3573,3577,3580
5886,2430,3486,3598,3574,3578,3580
5887,2431,3487,3567,3575,3579,3581,3582















5903,2447,3503
5904,2448,3504
5905,2449,3505
5906,2450,3506
5907,2451,3507
5908,2452,3508
5909,2453,3509
5910,2454,3510
5911,2455,3511
5912,2456,3512
5913,2457,3513
5914,2458,3514
5915,2459,3515
5916,2460,3516
5917,2461,3517
5918,2462,3518
5919,2463,3519
5920,2464,3520
5921,2465,3521
5922,2466,3522
5923,2467,3523
5924,2468,3524
5925,2469,3525
5926,2470,3526
5927,2471,3527
5928,2472,3528
5929,2473,3529
5930,2474,3530
5931,2475,3531
5932,2476,3532
5933,2477,3533
5934,2478,3534
5935,2479,3535
5936,2480,3536
5937,2481,3537
5938,2482,3538
5939,2483,3539
5940,2484,3540
5941,2485,3541
5942,2486,3542
5943,2487,3543
5944,2488,3544
5945,2489,3545
5946,2490,3546
5947,2491,3547
5948,2492,3548
5949,2493,3549
5950,2494,3550
5951,2495,3551

















8273,2513,3697,3664
8274,2514,3698,3664
8275,2515,3699,3665,3666
8276,2516,3700,3664
8277,2517,3701,3665,3668
8278,2518,3702,3666,3668
8279,2519,3703,3667,3669,3670
8280,2520,3704,3664
8281,2521,3705,3665,3672
8282,2522,3706,3666,3672
8283,2523,3707,3667,3673,3674
8284,2524,3708,3668,3672
8285,2525,3709,3669,3673,3676
8286,2526,3710,3670,3674,3676
8287,2527,3663,3671,3675,3677,3678
8288,2528,3488,3664
8289,2529,3489,3697
8290,2530,3490,3698
8291,2531,3491,3699
8292,2532,3492,3700
8293,2533,3493,3701
8294,2534,3494,3702
8295,2535,3495,3703
8296,2536,3496,3704
8297,2537,3497,3705
8298,2538,3498,3706
8299,2539,3499,3707
8300,2540,3500,3708
8301,2541,3501,3709
8302,2542,3502,3710
8303,2543,3503,3663
8304,2544














8319,2559
8320,2560
8321,2561
8322,2562
8323,2563
8324,2564
8325,2565
8326,2566
8327,2567
8328,2568
8329,2569
8330,2570
8331,2571
8332,2572
8333,2573
8334,2574
8335,2575
8336,2576
8337,2577
8338,2578
8339,2579
8340,2580
8341,2581
8342,2582
8343,2583
8344,2584
8345,2585
8346,2586
8347,2587
8348,2588
8349,2589
8350,2590
8351,2591
6048,2592,3456,3936,3760,3752,3748,3746,3745
















6065,2609,3473,3777,3760
6066,2610,3474,3778,3760
6067,2611,3475,3779,3761,3762
6068,2612,3476,3780,3760
6069,2613,3477,3781,3761,3764
6070,2614,3478,3782,3762,3764
6071,2615,3479,3783,3763,3765,3766
6072,2616,3480,3784,3760
6073,2617,3481,3785,3761,3768
6074,2618,3482,3786,3762,3768
6075,2619,3483,3787,3763,3769,3770
6076,2620,3484,3788,3764,3768
6077,2621,3485,3789,3765,3769,3772
6078,2622,3486,3790,3766,3770,3772
6079,2623,3487,3791,3767,3771,3773,3774
6080,2624,3488















6096,2640,3504
6097,2641,3505
6098,2642,3506
6099,2643,3507
6100,2644,3508
6101,2645,3509
6102,2646,3510
6103,2647,3511
6104,2648,3512
6105,2649,3513
6106,2650,3514
6107,2651,3515
6108,2652,3516
6109,2653,3517
6110,2654,3518
6111,2655,3519
6112,2656,3520
6113,2657,3521
6114,2658,3522
6115,2659,3523
6116,2660,3524
6117,2661,3525
6118,2662,3526
6119,2663,3527
6120,2664,3528
6121,2665,3529
6122,2666,3530
6123,2667,3531
6124,2668,3532
6125,2669,3533
6126,2670,3534
6127,2671,3535
6128,2672,3536
6129,2673,3537
6130,2674,3538
6131,2675,3539
6132,2676,3540
6133,2677,3541
6134,2678,3542
6135,2679,3543
6136,2680,3544
6137,2681,3545
6138,2682,3546
6139,2683,3547
6140,2684,3548
6141,2685,3549
6142,2686,3550
6143,2687,3551
6144,2688,3552,3936,3872,3848,3844,3842,3841















6160,2704,3568,3760,3872
6161,2705,3569,3761,3873,3856
6162,2706,3570,3762,3874,3856
6163,2707,3571,3763,3875,3857,3858
6164,2708,3572,3764,3876,3856
6165,2709,3573,3765,3877,3857,3860
6166,2710,3574,3766,3878,3858,3860
6167,2711,3575,3767,3879,3859,3861,3862
6168,2712,3576,3768,3880,3856
6169,2713,3577,3769,3881,3857,3864
6170,2714,3578,3770,3882,3858,3864
6171,2715,3579,3771,3883,3859,3865,3866
6172,2716,3580,3772,3884,3860,3864
6173,2717,3581,3773,3885,3861,3865,3868
6174,2718,3582,3774,3886,3862,3866,3868
6175,2719,3583,3775,3855,3863,3867,3869,3870















6191,2735,3599,3791
6192,2736,3600,3792
6193,2737,3601,3793
6194,2738,3602,3794
6195,2739,3603,3795
6196,2740,3604,3796
6197,2741,3605,3797
6198,2742,3606,3798
6199,2743,3607,3799
6200,2744,3608,3800
6201,2745,3609,3801
6202,2746,3610,3802
6203,2747,3611,3803
6204,2748,3612,3804
6205,2749,3613,3805
6206,2750,3614,3806
6207,2751,3615,3807
6208,2752,3616,3808
6209,2753,3617,3809
6210,2754,3618,3810
6211,2755,3619,3811
6212,2756,3620,3812
6213,2757,3621,3813
6214,2758,3622,3814
6215,2759,3623,3815
6216,2760,3624,3816
6217,2761,3625,3817
6218,2762,3626,3818
6219,2763,3627,3819
6220,2764,3628,3820
6221,2765,3629,3821
6222,2766,3630,3822
6223,2767,3631,3823
6224,2768,3632,3824
6225,2769,3633,3825
6226,2770,3634,3826
6227,2771,3635,3827
6228,2772,3636,3828
6229,2773,3637,3829
6230,2774,3638,3830
6231,2775,3639,3831
6232,2776,3640,3832
6233,2777,3641,3833
6234,2778,3642,3834
6235,2779,3643,3835
6236,2780,3644,3836
6237,2781,3645,3837
6238,2782,3646,3838
6239,2783,3647,3839

















8561,2801,3665,3985,3952
8562,2802,3666,3986,3952
8563,2803,3667,3987,3953,3954
8564,2804,3668,3988,3952
8565,2805,3669,3989,3953,3956
8566,2806,3670,3990,3954,3956
8567,2807,3671,3991,3955,3957,3958
8568,2808,3672,3992,3952
8569,2809,3673,3993,3953,3960
8570,2810,3674,3994,3954,3960
8571,2811,3675,3995,3955,3961,3962
8572,2812,3676,3996,3956,3960
8573,2813,3677,3997,3957,3961,3964
8574,2814,3678,3998,3958,3962,3964
8575,2815,3679,3951,3959,3963,3965,3966
8576,2816,3680,3776,3952
8577,2817,3681,3777,3985
8578,2818,3682,3778,3986
8579,2819,3683,3779,3987
8580,2820,3684,3780,3988
8581,2821,3685,3781,3989
8582,2822,3686,3782,3990
8583,2823,3687,3783,3991
8584,2824,3688,3784,3992
8585,2825,3689,3785,3993
8586,2826,3690,3786,3994
8587,2827,3691,3787,3995
8588,2828,3692,3788,3996
8589,2829,3693,3789,3997
8590,2830,3694,3790,3998
8591,2831,3695,3791,3951
8592,2832,3696














8607,2847,3711
8608,2848,3712
8609,2849,3713
8610,2850,3714
8611,2851,3715
8612,2852,3716
8613,2853,3717
8614,2854,3718
8615,2855,3719
8616,2856,3720
8617,2857,3721
8618,2858,3722
8619,2859,3723
8620,2860,3724
8621,2861,3725
8622,2862,3726
8623,2863,3727
8624,2864,3728
8625,2865,3729
8626,2866,3730
8627,2867,3731
8628,2868,3732
8629,2869,3733
8630,2870,3734
8631,2871,3735
8632,2872,3736
8633,2873,3737
8634,2874,3738
8635,2875,3739
8636,2876,3740
8637,2877,3741
8638,2878,3742
8639,2879,3743
6336,2880,3456,4224,4048,4040,4036,4034,4033
















6353,2897,3473,4065,4048
6354,2898,3474,4066,4048
6355,2899,3475,4067,4049,4050
6356,2900,3476,4068,4048
6357,2901,3477,4069,4049,4052
6358,2902,3478,4070,4050,4052
6359,2903,3479,4071,4051,4053,4054
6360,2904,3480,4072,4048
6361,2905,3481,4073,4049,4056
6362,2906,3482,4074,4050,4056
6363,2907,3483,4075,4051,4057,4058
6364,2908,3484,4076,4052,4056
6365,2909,3485,4077,4053,4057,4060
6366,2910,3486,4078,4054,4058,4060
6367,2911,3487,4079,4055,4059,4061,4062
6368,2912,3488















6384,2928,3504
6385,2929,3505
6386,2930,3506
6387,2931,3507
6388,2932,3508
6389,2933,3509
6390,2934,3510
6391,2935,3511
6392,2936,3512
6393,2937,3513
6394,2938,3514
6395,2939,3515
6396,2940,3516
6397,2941,3517
6398,2942,3518
6399,2943,3519
6400,2944,3520
6401,2945,3521
6402,2946,3522
6403,2947,3523
6404,2948,3524
6405,2949,3525
6406,2950,3526
6407,2951,3527
6408,2952,3528
6409,2953,3529
6410,2954,3530
6411,2955,3531
6412,2956,3532
6413,2957,3533
6414,2958,3534
6415,2959,3535
6416,2960,3536
6417,2961,3537
6418,2962,3538
6419,2963,3539
6420,2964,3540
6421,2965,3541
6422,2966,3542
6423,2967,3543
6424,2968,3544
6425,2969,3545
6426,2970,3546
6427,2971,3547
6428,2972,3548
6429,2973,3549
6430,2974,3550
6431,2975,3551
6432,2976,3552,4224,4160,4136,4132,4130,4129















6448,2992,3568,4048,4160
6449,2993,3569,4049,4161,4144
6450,2994,3570,4050,4162,4144
6451,2995,3571,4051,4163,4145,4146
6452,2996,3572,4052,4164,4144
6453,2997,3573,4053,4165,4145,4148
6454,2998,3574,4054,4166,4146,4148
6455,2999,3575,4055,4167,4147,4149,4150
6456,3000,3576,4056,4168,4144
6457,3001,3577,4057,4169,4145,4152
6458,3002,3578,4058,4170,4146,4152
6459,3003,3579,4059,4171,4147,4153,4154
6460,3004,3580,4060,4172,4148,4152
6461,3005,3581,4061,4173,4149,4153,4156
6462,3006,3582,4062,4174,4150,4154,4156
6463,3007,3583,4063,4143,4151,4155,4157,4158















6479,3023,3599,4079
6480,3024,3600,4080
6481,3025,3601,4081
6482,3026,3602,4082
6483,3027,3603,4083
6484,3028,3604,4084
6485,3029,3605,4085
6486,3030,3606,4086
6487,3031,3607,4087
6488,3032,3608,4088
6489,3033,3609,4089
6490,3034,3610,4090
6491,3035,3611,4091
6492,3036,3612,4092
6493,3037,3613,4093
6494,3038,3614,4094
6495,3039,3615,4095
6496,3040,3616,4096
6497,3041,3617,4097
6498,3042,3618,4098
6499,3043,3619,4099
6500,3044,3620,4100
6501,3045,3621,4101
6502,3046,3622,4102
6503,3047,3623,4103
6504,3048,3624,4104
6505,3049,3625,4105
6506,3050,3626,4106
6507,3051,3627,4107
6508,3052,3628,4108
6509,3053,3629,4109
6510,3054,3630,4110
6511,3055,3631,4111
6512,3056,3632,4112
6513,3057,3633,4113
6514,3058,3634,4114
6515,3059,3635,4115
6516,3060,3636,4116
6517,3061,3637,4117
6518,3062,3638,4118
6519,3063,3639,4119
6520,3064,3640,4120
6521,3065,3641,4121
6522,3066,3642,4122
6523,3067,3643,4123
6524,3068,3644,4124
6525,3069,3645,4125
6526,3070,3646,4126
6527,3071,3647,4127

















8849,3089,3665,4273,4240
8850,3090,3666,4274,4240
8851,3091,3667,4275,4241,4242
8852,3092,3668,4276,4240
8853,3093,3669,4277,4241,4244
8854,3094,3670,4278,4242,4244
8855,3095,3671,4279,4243,4245,4246
8856,3096,3672,4280,4240
8857,3097,3673,4281,4241,4248
8858,3098,3674,4282,4242,4248
8859,3099,3675,4283,4243,4249,4250
8860,3100,3676,4284,4244,4248
8861,3101,3677,4285,4245,4249,4252
8862,3102,3678,4286,4246,4250,4252
8863,3103,3679,4239,4247,4251,4253,4254
8864,3104,3680,4064,4240
8865,3105,3681,4065,4273
8866,3106,3682,4066,4274
8867,3107,3683,4067,4275
8868,3108,3684,4068,4276
8869,3109,3685,4069,4277
8870,3110,3686,4070,4278
8871,3111,3687,4071,4279
8872,3112,3688,4072,4280
8873,3113,3689,4073,4281
8874,3114,3690,4074,4282
8875,3115,3691,4075,4283
8876,3116,3692,4076,4284
8877,3117,3693,4077,4285
8878,3118,3694,4078,4286
8879,3119,3695,4079,4239
8880,3120,3696














8895,3135,3711
8896,3136,3712
8897,3137,3713
8898,3138,3714
8899,3139,3715
8900,3140,3716
8901,3141,3717
8902,3142,3718
8903,3143,3719
8904,3144,3720
8905,3145,3721
8906,3146,3722
8907,3147,3723
8908,3148,3724
8909,3149,3725
8910,3150,3726
8911,3151,3727
8912,3152,3728
8913,3153,3729
8914,3154,3730
8915,3155,3731
8916,3156,3732
8917,3157,3733
8918,3158,3734
8919,3159,3735
8920,3160,3736
8921,3161,3737
8922,3162,3738
8923,3163,3739
8924,3164,3740
8925,3165,3741
8926,3166,3742
8927,3167,3743
6624,3168,3744,4032,4512,4336,4328,4324,4322,4321
















6641,3185,3761,4049,4353,4336
6642,3186,3762,4050,4354,4336
6643,3187,3763,4051,4355,4337,4338
6644,3188,3764,4052,4356,4336
6645,3189,3765,4053,4357,4337,4340
6646,3190,3766,4054,4358,4338,4340
6647,3191,3767,4055,4359,4339,4341,4342
6648,3192,3768,4056,4360,4336
6649,3193,3769,4057,4361,4337,4344
6650,3194,3770,4058,4362,4338,4344
6651,3195,3771,4059,4363,4339,4345,4346
6652,3196,3772,4060,4364,4340,4344
6653,3197,3773,4061,4365,4341,4345,4348
6654,3198,3774,4062,4366,4342,4346,4348
6655,3199,3775,4063,4367,4343,4347,4349,4350
6656,3200,3776,4064















6672,3216,3792,4080
6673,3217,3793,4081
6674,3218,3794,4082
6675,3219,3795,4083
6676,3220,3796,4084
6677,3221,3797,4085
6678,3222,3798,4086
6679,3223,3799,4087
6680,3224,3800,4088
6681,3225,3801,4089
6682,3226,3802,4090
6683,3227,3803,4091
6684,3228,3804,4092
6685,3229,3805,4093
6686,3230,3806,4094
6687,3231,3807,4095
6688,3232,3808,4096
6689,3233,3809,4097
6690,3234,3810,4098
6691,3235,3811,4099
6692,3236,3812,4100
6693,3237,3813,4101
6694,3238,3814,4102
6695,3239,3815,4103
6696,3240,3816,4104
6697,3241,3817,4105
6698,3242,3818,4106
6699,3243,3819,4107
6700,3244,3820,4108
6701,3245,3821,4109
6702,3246,3822,4110
6703,3247,3823,4111
6704,3248,3824,4112
6705,3249,3825,4113
6706,3250,3826,4114
6707,3251,3827,4115
6708,3252,3828,4116
6709,3253,3829,4117
6710,3254,3830,4118
6711,3255,3831,4119
6712,3256,3832,4120
6713,3257,3833,4121
6714,3258,3834,4122
6715,3259,3835,4123
6716,3260,3836,4124
6717,3261,3837,4125
6718,3262,3838,4126
6719,3263,3839,4127
2112,3264,3840,4128,4512,4448,4424,4420,4418,4417















2128,3280,3856,4144,4336,4448
2129,3281,3857,4145,4337,4449,4432
2130,3282,3858,4146,4338,4450,4432
2131,3283,3859,4147,4339,4451,4433,4434
2132,3284,3860,4148,4340,4452,4432
2133,3285,3861,4149,4341,4453,4433,4436
2134,3286,3862,4150,4342,4454,4434,4436
2135,3287,3863,4151,4343,4455,4435,4437,4438
2136,3288,3864,4152,4344,4456,4432
2137,3289,3865,4153,4345,4457,4433,4440
2138,3290,3866,4154,4346,4458,4434,4440
2139,3291,3867,4155,4347,4459,4435,4441,4442
2140,3292,3868,4156,4348,4460,4436,4440
2141,3293,3869,4157,4349,4461,4437,4441,4444
2142,3294,3870,4158,4350,4462,4438,4442,4444
2143,3295,3871,4159,4351,4431,4439,4443,4445,4446















2159,3311,3887,4175,4367
2160,3312,3888,4176,4368
2161,3313,3889,4177,4369
2162,3314,3890,4178,4370
2163,3315,3891,4179,4371
2164,3316,3892,4180,4372
2165,3317,3893,4181,4373
2166,3318,3894,4182,4374
2167,3319,3895,4183,4375
2168,3320,3896,4184,4376
2169,3321,3897,4185,4377
2170,3322,3898,4186,4378
2171,3323,3899,4187,4379
2172,3324,3900,4188,4380
2173,3325,3901,4189,4381
2174,3326,3902,4190,4382
2175,3327,3903,4191,4383
2176,3328,3904,4192,4384
2177,3329,3905,4193,4385
2178,3330,3906,4194,4386
2179,3331,3907,4195,4387
2180,3332,3908,4196,4388
2181,3333,3909,4197,4389
2182,3334,3910,4198,4390
2183,3335,3911,4199,4391
2184,3336,3912,4200,4392
2185,3337,3913,4201,4393
2186,3338,3914,4202,4394
2187,3339,3915,4203,4395
2188,3340,3916,4204,4396
2189,3341,3917,4205,4397
2190,3342,3918,4206,4398
2191,3343,3919,4207,4399
2192,3344,3920,4208,4400
2193,3345,3921,4209,4401
2194,3346,3922,4210,4402
2195,3347,3923,4211,4403
2196,3348,3924,4212,4404
2197,3349,3925,4213,4405
2198,3350,3926,4214,4406
2199,3351,3927,4215,4407
2200,3352,3928,4216,4408
2201,3353,3929,4217,4409
2202,3354,3930,4218,4410
2203,3355,3931,4219,4411
2204,3356,3932,4220,4412
2205,3357,3933,4221,4413
2206,3358,3934,4222,4414
2207,3359,3935,4223,4415

















2225,3377,3953,4241,4561,4528
2226,3378,3954,4242,4562,4528
2227,3379,3955,4243,4563,4529,4530
2228,3380,3956,4244,4564,4528
2229,3381,3957,4245,4565,4529,4532
2230,3382,3958,4246,4566,4530,4532
2231,3383,3959,4247,4567,4531,4533,4534
2232,3384,3960,4248,4568,4528
2233,3385,3961,4249,4569,4529,4536
2234,3386,3962,4250,4570,4530,4536
2235,3387,3963,4251,4571,4531,4537,4538
2236,3388,3964,4252,4572,4532,4536
2237,3389,3965,4253,4573,4533,4537,4540
2238,3390,3966,4254,4574,4534,4538,4540
2239,3391,3967,4255,4527,4535,4539,4541,4542
2240,3392,3968,4256,4352,4528
2241,3393,3969,4257,4353,4561
2242,3394,3970,4258,4354,4562
2243,3395,3971,4259,4355,4563
2244,3396,3972,4260,4356,4564
2245,3397,3973,4261,4357,4565
2246,3398,3974,4262,4358,4566
2247,3399,3975,4263,4359,4567
2248,3400,3976,4264,4360,4568
2249,3401,3977,4265,4361,4569
2250,3402,3978,4266,4362,4570
2251,3403,3979,4267,4363,4571
2252,3404,3980,4268,4364,4572
2253,3405,3981,4269,4365,4573
2254,3406,3982,4270,4366,4574
2255,3407,3983,4271,4367,4527
2256,3408,3984,4272














2271,3423,3999,4287
2272,3424,4000,4288
2273,3425,4001,4289
2274,3426,4002,4290
2275,3427,4003,4291
2276,3428,4004,4292
2277,3429,4005,4293
2278,3430,4006,4294
2279,3431,4007,4295
2280,3432,4008,4296
2281,3433,4009,4297
2282,3434,4010,4298
2283,3435,4011,4299
2284,3436,4012,4300
2285,3437,4013,4301
2286,3438,4014,4302
2287,3439,4015,4303
2288,3440,4016,4304
2289,3441,4017,4305
2290,3442,4018,4306
2291,3443,4019,4307
2292,3444,4020,4308
2293,3445,4021,4309
2294,3446,4022,4310
2295,3447,4023,4311
2296,3448,4024,4312
2297,3449,4025,4313
2298,3450,4026,4314
2299,3451,4027,4315
2300,3452,4028,4316
2301,3453,4029,4317
2302,3454,4030,4318
2303,3455,4031,4319
4704,4624,4616,4612,4610,4609































































































































































































2496,4704,4816,4808,4804,4802,4801
















2513,4625,4849,4816
2514,4626,4850,4816
2515,4627,4851,4817,4818
2516,4628,4852,4816
2517,4629,4853,4817,4820
2518,4630,4854,4818,4820
2519,4631,4855,4819,4821,4822
2520,4632,4856,4816
2521,4633,4857,4817,4824
2522,4634,4858,4818,4824
2523,4635,4859,4819,4825,4826
2524,4636,4860,4820,4824
2525,4637,4861,4821,4825,4828
2526,4638,4862,4822,4826,4828
2527,4639,4815,4823,4827,4829,4830
2528,4640,4816
2529,4641,4849
2530,4642,4850
2531,4643,4851
2532,4644,4852
2533,4645,4853
2534,4646,4854
2535,4647,4855
2536,4648,4856
2537,4649,4857
2538,4650,4858
2539,4651,4859
2540,4652,4860
2541,4653,4861
2542,4654,4862
2543,4655,4815
2544,4656














2559,4671
2560,4672
2561,4673
2562,4674
2563,4675
2564,4676
2565,4677
2566,4678
2567,4679
2568,4680
2569,4681
2570,4682
2571,4683
2572,4684
2573,4685
2574,4686
2575,4687
2576,4688
2577,4689
2578,4690
2579,4691
2580,4692
2581,4693
2582,4694
2583,4695
2584,4696
2585,4697
2586,4698
2587,4699
2588,4700
2589,4701
2590,4702
2591,4703
































































































































































































7392,4992,5104,5096,5092,5090,5089
















7409,4913,5137,5104
7410,4914,5138,5104
7411,4915,5139,5105,5106
7412,4916,5140,5104
7413,4917,5141,5105,5108
7414,4918,5142,5106,5108
7415,4919,5143,5107,5109,5110
7416,4920,5144,5104
7417,4921,5145,5105,5112
7418,4922,5146,5106,5112
7419,4923,5147,5107,5113,5114
7420,4924,5148,5108,5112
7421,4925,5149,5109,5113,5116
7422,4926,5150,5110,5114,5116
7423,4927,5103,5111,5115,5117,5118
7424,4928,5104
7425,4929,5137
7426,4930,5138
7427,4931,5139
7428,4932,5140
7429,4933,5141
7430,4934,5142
7431,4935,5143
7432,4936,5144
7433,4937,5145
7434,4938,5146
7435,4939,5147
7436,4940,5148
7437,4941,5149
7438,4942,5150
7439,4943,5103
7440,4944














7455,4959
7456,4960
7457,4961
7458,4962
7459,4963
7460,4964
7461,4965
7462,4966
7463,4967
7464,4968
7465,4969
7466,4970
7467,4971
7468,4972
7469,4973
7470,4974
7471,4975
7472,4976
7473,4977
7474,4978
7475,4979
7476,4980
7477,4981
7478,4982
7479,4983
7480,4984
7481,4985
7482,4986
7483,4987
7484,4988
7485,4989
7486,4990
7487,4991
































































































































































































7680,5280,5392,5384,5380,5378,5377
















7697,5201,5425,5392
7698,5202,5426,5392
7699,5203,5427,5393,5394
7700,5204,5428,5392
7701,5205,5429,5393,5396
7702,5206,5430,5394,5396
7703,5207,5431,5395,5397,5398
7704,5208,5432,5392
7705,5209,5433,5393,5400
7706,5210,5434,5394,5400
7707,5211,5435,5395,5401,5402
7708,5212,5436,5396,5400
7709,5213,5437,5397,5401,5404
7710,5214,5438,5398,5402,5404
7711,5215,5391,5399,5403,5405,5406
7712,5216,5392
7713,5217,5425
7714,5218,5426
7715,5219,5427
7716,5220,5428
7717,5221,5429
7718,5222,5430
7719,5223,5431
7720,5224,5432
7721,5225,5433
7722,5226,5434
7723,5227,5435
7724,5228,5436
7725,5229,5437
7726,5230,5438
7727,5231,5391
7728,5232














7743,5247
7744,5248
7745,5249
7746,5250
7747,5251
7748,5252
7749,5253
7750,5254
7751,5255
7752,5256
7753,5257
7754,5258
7755,5259
7756,5260
7757,5261
7758,5262
7759,5263
7760,5264
7761,5265
7762,5266
7763,5267
7764,5268
7765,5269
7766,5270
7767,5271
7768,5272
7769,5273
7770,5274
7771,5275
7772,5276
7773,5277
7774,5278
7775,5279
































































































































































































7968,5568,5680,5672,5668,5666,5665
















7985,5489,5713,5680
7986,5490,5714,5680
7987,5491,5715,5681,5682
7988,5492,5716,5680
7989,5493,5717,5681,5684
7990,5494,5718,5682,5684
7991,5495,5719,5683,5685,5686
7992,5496,5720,5680
7993,5497,5721,5681,5688
7994,5498,5722,5682,5688
7995,5499,5723,5683,5689,5690
7996,5500,5724,5684,5688
7997,5501,5725,5685,5689,5692
7998,5502,5726,5686,5690,5692
7999,5503,5679,5687,5691,5693,5694
8000,5504,5680
8001,5505,5713
8002,5506,5714
8003,5507,5715
8004,5508,5716
8005,5509,5717
8006,5510,5718
8007,5511,5719
8008,5512,5720
8009,5513,5721
8010,5514,5722
8011,5515,5723
8012,5516,5724
8013,5517,5725
8014,5518,5726
8015,5519,5679
8016,5520














8031,5535
8032,5536
8033,5537
8034,5538
8035,5539
8036,5540
8037,5541
8038,5542
8039,5543
8040,5544
8041,5545
8042,5546
8043,5547
8044,5548
8045,5549
8046,5550
8047,5551
8048,5552
8049,5553
8050,5554
8051,5555
8052,5556
8053,5557
8054,5558
8055,5559
8056,5560
8057,5561
8058,5562
8059,5563
8060,5564
8061,5565
8062,5566
8063,5567
































































































































































































8256,5856,5968,5960,5956,5954,5953
















8273,5777,6001,5968
8274,5778,6002,5968
8275,5779,6003,5969,5970
8276,5780,6004,5968
8277,5781,6005,5969,5972
8278,5782,6006,5970,5972
8279,5783,6007,5971,5973,5974
8280,5784,6008,5968
8281,5785,6009,5969,5976
8282,5786,6010,5970,5976
8283,5787,6011,5971,5977,5978
8284,5788,6012,5972,5976
8285,5789,6013,5973,5977,5980
8286,5790,6014,5974,5978,5980
8287,5791,5967,5975,5979,5981,5982
8288,5792,5968
8289,5793,6001
8290,5794,6002
8291,5795,6003
8292,5796,6004
8293,5797,6005
8294,5798,6006
8295,5799,6007
8296,5800,6008
8297,5801,6009
8298,5802,6010
8299,5803,6011
8300,5804,6012
8301,5805,6013
8302,5806,6014
8303,5807,5967
8304,5808














8319,5823
8320,5824
8321,5825
8322,5826
8323,5827
8324,5828
8325,5829
8326,5830
8327,5831
8328,5832
8329,5833
8330,5834
8331,5835
8332,5836
8333,5837
8334,5838
8335,5839
8336,5840
8337,5841
8338,5842
8339,5843
8340,5844
8341,5845
8342,5846
8343,5847
8344,5848
8345,5849
8346,5850
8347,5851
8348,5852
8349,5853
8350,5854
8351,5855
































































































































































































8544,6144,6256,6248,6244,6242,6241
















8561,6065,6289,6256
8562,6066,6290,6256
8563,6067,6291,6257,6258
8564,6068,6292,6256
8565,6069,6293,6257,6260
8566,6070,6294,6258,6260
8567,6071,6295,6259,6261,6262
8568,6072,6296,6256
8569,6073,6297,6257,6264
8570,6074,6298,6258,6264
8571,6075,6299,6259,6265,6266
8572,6076,6300,6260,6264
8573,6077,6301,6261,6265,6268
8574,6078,6302,6262,6266,6268
8575,6079,6255,6263,6267,6269,6270
8576,6080,6256
8577,6081,6289
8578,6082,6290
8579,6083,6291
8580,6084,6292
8581,6085,6293
8582,6086,6294
8583,6087,6295
8584,6088,6296
8585,6089,6297
8586,6090,6298
8587,6091,6299
8588,6092,6300
8589,6093,6301
8590,6094,6302
8591,6095,6255
8592,6096














8607,6111
8608,6112
8609,6113
8610,6114
8611,6115
8612,6116
8613,6117
8614,6118
8615,6119
8616,6120
8617,6121
8618,6122
8619,6123
8620,6124
8621,6125
8622,6126
8623,6127
8624,6128
8625,6129
8626,6130
8627,6131
8628,6132
8629,6133
8630,6134
8631,6135
8632,6136
8633,6137
8634,6138
8635,6139
8636,6140
8637,6141
8638,6142
8639,6143
































































































































































































8832,6432,6544,6536,6532,6530,6529
















8849,6353,6577,6544
8850,6354,6578,6544
8851,6355,6579,6545,6546
8852,6356,6580,6544
8853,6357,6581,6545,6548
8854,6358,6582,6546,6548
8855,6359,6583,6547,6549,6550
8856,6360,6584,6544
8857,6361,6585,6545,6552
8858,6362,6586,6546,6552
8859,6363,6587,6547,6553,6554
8860,6364,6588,6548,6552
8861,6365,6589,6549,6553,6556
8862,6366,6590,6550,6554,6556
8863,6367,6543,6551,6555,6557,6558
8864,6368,6544
8865,6369,6577
8866,6370,6578
8867,6371,6579
8868,6372,6580
8869,6373,6581
8870,6374,6582
8871,6375,6583
8872,6376,6584
8873,6377,6585
8874,6378,6586
8875,6379,6587
8876,6380,6588
8877,6381,6589
8878,6382,6590
8879,6383,6543
8880,6384














8895,6399
8896,6400
8897,6401
8898,6402
8899,6403
8900,6404
8901,6405
8902,6406
8903,6407
8904,6408
8905,6409
8906,6410
8907,6411
8908,6412
8909,6413
8910,6414
8911,6415
8912,6416
8913,6417
8914,6418
8915,6419
8916,6420
8917,6421
8918,6422
8919,6423
8920,6424
8921,6425
8922,6426
8923,6427
8924,6428
8925,6429
8926,6430
8927,6431
















































































































6640,6752
6641,6753,6736
6642,6754,6736
6643,6755,6737,6738
6644,6756,6736
6645,6757,6737,6740
6646,6758,6738,6740
6647,6759,6739,6741,6742
6648,6760,6736
6649,6761,6737,6744
6650,6762,6738,6744
6651,6763,6739,6745,6746
6652,6764,6740,6744
6653,6765,6741,6745,6748
6654,6766,6742,6746,6748
6655,6735,6743,6747,6749,6750
































































2208,6720,6832,6824,6820,6818,6817
















2225,6641,6865,6832
2226,6642,6866,6832
2227,6643,6867,6833,6834
2228,6644,6868,6832
2229,6645,6869,6833,6836
2230,6646,6870,6834,6836
2231,6647,6871,6835,6837,6838
2232,6648,6872,6832
2233,6649,6873,6833,6840
2234,6650,6874,6834,6840
2235,6651,6875,6835,6841,6842
2236,6652,6876,6836,6840
2237,6653,6877,6837,6841,6844
2238,6654,6878,6838,6842,6844
2239,6655,6831,6839,6843,6845,6846
2240,6656,6832
2241,6657,6865
2242,6658,6866
2243,6659,6867
2244,6660,6868
2245,6661,6869
2246,6662,6870
2247,6663,6871
2248,6664,6872
2249,6665,6873
2250,6666,6874
2251,6667,6875
2252,6668,6876
2253,6669,6877
2254,6670,6878
2255,6671,6831
2256,6672














2271,6687
2272,6688
2273,6689
2274,6690
2275,6691
2276,6692
2277,6693
2278,6694
2279,6695
2280,6696
2281,6697
2282,6698
2283,6699
2284,6700
2285,6701
2286,6702
2287,6703
2288,6704
2289,6705
2290,6706
2291,6707
2292,6708
2293,6709
2294,6710
2295,6711
2296,6712
2297,6713
2298,6714
2299,6715
2300,6716
2301,6717
2302,6718
2303,6719
7008,6928,6920,6916,6914,6913
















6945,6928
6946,6928
6947,6929,6930
6948,6928
6949,6929,6932
6950,6930,6932
6951,6931,6933,6934
6952,6928
6953,6929,6936
6954,6930,6936
6955,6931,6937,6938
6956,6932,6936
6957,6933,6937,6940
6958,6934,6938,6940
6959,6935,6939,6941,6942
















































































6928,7040
6929,7041,7024
6930,7042,7024
6931,7043,7025,7026
6932,7044,7024
6933,7045,7025,7028
6934,7046,7026,7028
6935,7047,7027,7029,7030
6936,7048,7024
6937,7049,7025,7032
6938,7050,7026,7032
6939,7051,7027,7033,7034
6940,7052,7028,7032
6941,7053,7029,7033,7036
6942,7054,7030,7034,7036
6943,7023,7031,7035,7037,7038
































































7120,7112,7108,7106,7105
















7153,7120
7154,7120
7155,7121,7122
7156,7120
7157,7121,7124
7158,7122,7124
7159,7123,7125,7126
7160,7120
7161,7121,7128
7162,7122,7128
7163,7123,7129,7130
7164,7124,7128
7165,7125,7129,7132
7166,7126,7130,7132
7119,7127,7131,7133,7134
6944,7120
6945,7153
6946,7154
6947,7155
6948,7156
6949,7157
6950,7158
6951,7159
6952,7160
6953,7161
6954,7162
6955,7163
6956,7164
6957,7165
6958,7166
6959,7119
















































7296,7216,7208,7204,7202,7201
















7233,7216
7234,7216
7235,7217,7218
7236,7216
7237,7217,7220
7238,7218,7220
7239,7219,7221,7222
7240,7216
7241,7217,7224
7242,7218,7224
7243,7219,7225,7226
7244,7220,7224
7245,7221,7225,7228
7246,7222,7226,7228
7247,7223,7227,7229,7230
















































































7216,7328
7217,7329,7312
7218,7330,7312
7219,7331,7313,7314
7220,7332,7312
7221,7333,7313,7316
7222,7334,7314,7316
7223,7335,7315,7317,7318
7224,7336,7312
7225,7337,7313,7320
7226,7338,7314,7320
7227,7339,7315,7321,7322
7228,7340,7316,7320
7229,7341,7317,7321,7324
7230,7342,7318,7322,7324
7231,7311,7319,7323,7325,7326
































































































































































7584,7504,7496,7492,7490,7489
















7521,7504
7522,7504
7523,7505,7506
7524,7504
7525,7505,7508
7526,7506,7508
7527,7507,7509,7510
7528,7504
7529,7505,7512
7530,7506,7512
7531,7507,7513,7514
7532,7508,7512
7533,7509,7513,7516
7534,7510,7514,7516
7535,7511,7515,7517,7518
















































































7504,7616
7505,7617,7600
7506,7618,7600
7507,7619,7601,7602
7508,7620,7600
7509,7621,7601,7604
7510,7622,7602,7604
7511,7623,7603,7605,7606
7512,7624,7600
7513,7625,7601,7608
7514,7626,7602,7608
7515,7627,7603,7609,7610
7516,7628,7604,7608
7517,7629,7605,7609,7612
7518,7630,7606,7610,7612
7519,7599,7607,7611,7613,7614
































































































































































7872,7792,7784,7780,7778,7777
















7809,7792
7810,7792
7811,7793,7794
7812,7792
7813,7793,7796
7814,7794,7796
7815,7795,7797,7798
7816,7792
7817,7793,7800
7818,7794,7800
7819,7795,7801,7802
7820,7796,7800
7821,7797,7801,7804
7822,7798,7802,7804
7823,7799,7803,7805,7806
















































































7792,7904
7793,7905,7888
7794,7906,7888
7795,7907,7889,7890
7796,7908,7888
7797,7909,7889,7892
7798,7910,7890,7892
7799,7911,7891,7893,7894
7800,7912,7888
7801,7913,7889,7896
7802,7914,7890,7896
7803,7915,7891,7897,7898
7804,7916,7892,7896
7805,7917,7893,7897,7900
7806,7918,7894,7898,7900
7807,7887,7895,7899,7901,7902
































































































































































8160,8080,8072,8068,8066,8065
















8097,8080
8098,8080
8099,8081,8082
8100,8080
8101,8081,8084
8102,8082,8084
8103,8083,8085,8086
8104,8080
8105,8081,8088
8106,8082,8088
8107,8083,8089,8090
8108,8084,8088
8109,8085,8089,8092
8110,8086,8090,8092
8111,8087,8091,8093,8094
















































































8080,8192
8081,8193,8176
8082,8194,8176
8083,8195,8177,8178
8084,8196,8176
8085,8197,8177,8180
8086,8198,8178,8180
8087,8199,8179,8181,8182
8088,8200,8176
8089,8201,8177,8184
8090,8202,8178,8184
8091,8203,8179,8185,8186
8092,8204,8180,8184
8093,8205,8181,8185,8188
8094,8206,8182,8186,8188
8095,8175,8183,8187,8189,8190
































































































































































8448,8368,8360,8356,8354,8353
















8385,8368
8386,8368
8387,8369,8370
8388,8368
8389,8369,8372
8390,8370,8372
8391,8371,8373,8374
8392,8368
8393,8369,8376
8394,8370,8376
8395,8371,8377,8378
8396,8372,8376
8397,8373,8377,8380
8398,8374,8378,8380
8399,8375,8379,8381,8382
















































































8368,8480
8369,8481,8464
8370,8482,8464
8371,8483,8465,8466
8372,8484,8464
8373,8485,8465,8468
8374,8486,8466,8468
8375,8487,8467,8469,8470
8376,8488,8464
8377,8489,8465,8472
8378,8490,8466,8472
8379,8491,8467,8473,8474
8380,8492,8468,8472
8381,8493,8469,8473,8476
8382,8494,8470,8474,8476
8383,8463,8471,8475,8477,8478
































































































































































8736,8656,8648,8644,8642,8641
















8673,8656
8674,8656
8675,8657,8658
8676,8656
8677,8657,8660
8678,8658,8660
8679,8659,8661,8662
8680,8656
8681,8657,8664
8682,8658,8664
8683,8659,8665,8666
8684,8660,8664
8685,8661,8665,8668
8686,8662,8666,8668
8687,8663,8667,8669,8670
















































































8656,8768
8657,8769,8752
8658,8770,8752
8659,8771,8753,8754
8660,8772,8752
8661,8773,8753,8756
8662,8774,8754,8756
8663,8775,8755,8757,8758
8664,8776,8752
8665,8777,8753,8760
8666,8778,8754,8760
8667,8779,8755,8761,8762
8668,8780,8756,8760
8669,8781,8757,8761,8764
8670,8782,8758,8762,8764
8671,8751,8759,8763,8765,8766
































































































































































9024,8944,8936,8932,8930,8929
















8961,8944
8962,8944
8963,8945,8946
8964,8944
8965,8945,8948
8966,8946,8948
8967,8947,8949,8950
8968,8944
8969,8945,8952
8970,8946,8952
8971,8947,8953,8954
8972,8948,8952
8973,8949,8953,8956
8974,8950,8954,8956
8975,8951,8955,8957,8958
















































































8944,9056
8945,9057,9040
8946,9058,9040
8947,9059,9041,9042
8948,9060,9040
8949,9061,9041,9044
8950,9062,9042,9044
8951,9063,9043,9045,9046
8952,9064,9040
8953,9065,9041,9048
8954,9066,9042,9048
8955,9067,9043,9049,9050
8956,9068,9044,9048
8957,9069,9045,9049,9052
8958,9070,9046,9050,9052
8959,9039,9047,9051,9053,9054
































































9136,9128,9124,9122,9121
















9169,9136
9170,9136
9171,9137,9138
9172,9136
9173,9137,9140
9174,9138,9140
9175,9139,9141,9142
9176,9136
9177,9137,9144
9178,9138,9144
9179,9139,9145,9146
9180,9140,9144
9181,9141,9145,9148
9182,9142,9146,9148
9135,9143,9147,9149,9150
8960,9136
8961,9169
8962,9170
8963,9171
8964,9172
8965,9173
8966,9174
8967,9175
8968,9176
8969,9177
8970,9178
8971,9179
8972,9180
8973,9181
8974,9182
8975,9135
















































9312,9232,9224,9220,9218,9217
















9249,9232
9250,9232
9251,9233,9234
9252,9232
9253,9233,9236
9254,9234,9236
9255,9235,9237,9238
9256,9232
9257,9233,9240
9258,9234,9240
9259,9235,9241,9242
9260,9236,9240
9261,9237,9241,9244
9262,9238,9242,9244
9263,9239,9243,9245,9246
















































































9232,9344
9233,9345,9328
9234,9346,9328
9235,9347,9329,9330
9236,9348,9328
9237,9349,9329,9332
9238,9350,9330,9332
9239,9351,9331,9333,9334
9240,9352,9328
9241,9353,9329,9336
9242,9354,9330,9336
9243,9355,9331,9337,9338
9244,9356,9332,9336
9245,9357,9333,9337,9340
9246,9358,9334,9338,9340
9247,9327,9335,9339,9341,9342
































































9424,9416,9412,9410,9409
















9457,9424
9458,9424
9459,9425,9426
9460,9424
9461,9425,9428
9462,9426,9428
9463,9427,9429,9430
9464,9424
9465,9425,9432
9466,9426,9432
9467,9427,9433,9434
9468,9428,9432
9469,9429,9433,9436
9470,9430,9434,9436
9423,9431,9435,9437,9438
9248,9424
9249,9457
9250,9458
9251,9459
9252,9460
9253,9461
9254,9462
9255,9463
9256,9464
9257,9465
9258,9466
9259,9467
9260,9468
9261,9469
9262,9470
9263,9423
















































9600,9520,9512,9508,9506,9505
















9537,9520
9538,9520
9539,9521,9522
9540,9520
9541,9521,9524
9542,9522,9524
9543,9523,9525,9526
9544,9520
9545,9521,9528
9546,9522,9528
9547,9523,9529,9530
9548,9524,9528
9549,9525,9529,9532
9550,9526,9530,9532
9551,9527,9531,9533,9534
















































































9520,9632
9521,9633,9616
9522,9634,9616
9523,9635,9617,9618
9524,9636,9616
9525,9637,9617,9620
9526,9638,9618,9620
9527,9639,9619,9621,9622
9528,9640,9616
9529,9641,9617,9624
9530,9642,9618,9624
9531,9643,9619,9625,9626
9532,9644,9620,9624
9533,9645,9621,9625,9628
9534,9646,9622,9626,9628
9535,9615,9623,9627,9629,9630
































































9712,9704,9700,9698,9697
















9745,9712
9746,9712
9747,9713,9714
9748,9712
9749,9713,9716
9750,9714,9716
9751,9715,9717,9718
9752,9712
9753,9713,9720
9754,9714,9720
9755,9715,9721,9722
9756,9716,9720
9757,9717,9721,9724
9758,9718,9722,9724
9711,9719,9723,9725,9726
9536,9712
9537,9745
9538,9746
9539,9747
9540,9748
9541,9749
9542,9750
9543,9751
9544,9752
9545,9753
9546,9754
9547,9755
9548,9756
9549,9757
9550,9758
9551,9711
















































9888,9808,9800,9796,9794,9793
















9825,9808
9826,9808
9827,9809,9810
9828,9808
9829,9809,9812
9830,9810,9812
9831,9811,9813,9814
9832,9808
9833,9809,9816
9834,9810,9816
9835,9811,9817,9818
9836,9812,9816
9837,9813,9817,9820
9838,9814,9818,9820
9839,9815,9819,9821,9822
















































































9808,9920
9809,9921,9904
9810,9922,9904
9811,9923,9905,9906
9812,9924,9904
9813,9925,9905,9908
9814,9926,9906,9908
9815,9927,9907,9909,9910
9816,9928,9904
9817,9929,9905,9912
9818,9930,9906,9912
9819,9931,9907,9913,9914
9820,9932,9908,9912
9821,9933,9909,9913,9916
9822,9934,9910,9914,9916
9823,9903,9911,9915,9917,9918
































































10000,9992,9988,9986,9985
















10033,10000
10034,10000
10035,10001,10002
10036,10000
10037,10001,10004
10038,10002,10004
10039,10003,10005,10006
10040,10000
10041,10001,10008
10042,10002,10008
10043,10003,10009,10010
10044,10004,10008
10045,10005,10009,10012
10046,10006,10010,10012
9999,10007,10011,10013,10014
9824,10000
9825,10033
9826,10034
9827,10035
9828,10036
9829,10037
9830,10038
9831,10039
9832,10040
9833,10041
9834,10042
9835,10043
9836,10044
9837,10045
9838,10046
9839,9999
















































10176,10096,10088,10084,10082,10081
















10113,10096
10114,10096
10115,10097,10098
10116,10096
10117,10097,10100
10118,10098,10100
10119,10099,10101,10102
10120,10096
10121,10097,10104
10122,10098,10104
10123,10099,10105,10106
10124,10100,10104
10125,10101,10105,10108
10126,10102,10106,10108
10127,10103,10107,10109,10110
















































































10096,10208
10097,10209,10192
10098,10210,10192
10099,10211,10193,10194
10100,10212,10192
10101,10213,10193,10196
10102,10214,10194,10196
10103,10215,10195,10197,10198
10104,10216,10192
10105,10217,10193,10200
10106,10218,10194,10200
10107,10219,10195,10201,10202
10108,10220,10196,10200
10109,10221,10197,10201,10204
10110,10222,10198,10202,10204
10111,10191,10199,10203,10205,10206
































































10288,10280,10276,10274,10273
















10321,10288
10322,10288
10323,10289,10290
10324,10288
10325,10289,10292
10326,10290,10292
10327,10291,10293,10294
10328,10288
10329,10289,10296
10330,10290,10296
10331,10291,10297,10298
10332,10292,10296
10333,10293,10297,10300
10334,10294,10298,10300
10287,10295,10299,10301,10302
10112,10288
10113,10321
10114,10322
10115,10323
10116,10324
10117,10325
10118,10326
10119,10327
10120,10328
10121,10329
10122,10330
10123,10331
10124,10332
10125,10333
10126,10334
10127,10287
















































10464,10384,10376,10372,10370,10369
















10401,10384
10402,10384
10403,10385,10386
10404,10384
10405,10385,10388
10406,10386,10388
10407,10387,10389,10390
10408,10384
10409,10385,10392
10410,10386,10392
10411,10387,10393,10394
10412,10388,10392
10413,10389,10393,10396
10414,10390,10394,10396
10415,10391,10395,10397,10398
















































































10384,10496
10385,10497,10480
10386,10498,10480
10387,10499,10481,10482
10388,10500,10480
10389,10501,10481,10484
10390,10502,10482,10484
10391,10503,10483,10485,10486
10392,10504,10480
10393,10505,10481,10488
10394,10506,10482,10488
10395,10507,10483,10489,10490
10396,10508,10484,10488
10397,10509,10485,10489,10492
10398,10510,10486,10490,10492
10399,10479,10487,10491,10493,10494
































































10576,10568,10564,10562,10561
















10609,10576
10610,10576
10611,10577,10578
10612,10576
10613,10577,10580
10614,10578,10580
10615,10579,10581,10582
10616,10576
10617,10577,10584
10618,10578,10584
10619,10579,10585,10586
10620,10580,10584
10621,10581,10585,10588
10622,10582,10586,10588
10575,10583,10587,10589,10590
10400,10576
10401,10609
10402,10610
10403,10611
10404,10612
10405,10613
10406,10614
10407,10615
10408,10616
10409,10617
10410,10618
10411,10619
10412,10620
10413,10621
10414,10622
10415,10575
















































10752,10672,10664,10660,10658,10657
















10689,10672
10690,10672
10691,10673,10674
10692,10672
10693,10673,10676
10694,10674,10676
10695,10675,10677,10678
10696,10672
10697,10673,10680
10698,10674,10680
10699,10675,10681,10682
10700,10676,10680
10701,10677,10681,10684
10702,10678,10682,10684
10703,10679,10683,10685,10686
















































































10672,10784
10673,10785,10768
10674,10786,10768
10675,10787,10769,10770
10676,10788,10768
10677,10789,10769,10772
10678,10790,10770,10772
10679,10791,10771,10773,10774
10680,10792,10768
10681,10793,10769,10776
10682,10794,10770,10776
10683,10795,10771,10777,10778
10684,10796,10772,10776
10685,10797,10773,10777,10780
10686,10798,10774,10778,10780
10687,10767,10775,10779,10781,10782
































































10864,10856,10852,10850,10849
















10897,10864
10898,10864
10899,10865,10866
10900,10864
10901,10865,10868
10902,10866,10868
10903,10867,10869,10870
10904,10864
10905,10865,10872
10906,10866,10872
10907,10867,10873,10874
10908,10868,10872
10909,10869,10873,10876
10910,10870,10874,10876
10863,10871,10875,10877,10878
10688,10864
10689,10897
10690,10898
10691,10899
10692,10900
10693,10901
10694,10902
10695,10903
10696,10904
10697,10905
10698,10906
10699,10907
10700,10908
10701,10909
10702,10910
10703,10863
















































11040,10960,10952,10948,10946,10945
















10977,10960
10978,10960
10979,10961,10962
10980,10960
10981,10961,10964
10982,10962,10964
10983,10963,10965,10966
10984,10960
10985,10961,10968
10986,10962,10968
10987,10963,10969,10970
10988,10964,10968
10989,10965,10969,10972
10990,10966,10970,10972
10991,10967,10971,10973,10974
















































































10960,11072
10961,11073,11056
10962,11074,11056
10963,11075,11057,11058
10964,11076,11056
10965,11077,11057,11060
10966,11078,11058,11060
10967,11079,11059,11061,11062
10968,11080,11056
10969,11081,11057,11064
10970,11082,11058,11064
10971,11083,11059,11065,11066
10972,11084,11060,11064
10973,11085,11061,11065,11068
10974,11086,11062,11066,11068
10975,11055,11063,11067,11069,11070
































































11152,11144,11140,11138,11137
















11185,11152
11186,11152
11187,11153,11154
11188,11152
11189,11153,11156
11190,11154,11156
11191,11155,11157,11158
11192,11152
11193,11153,11160
11194,11154,11160
11195,11155,11161,11162
11196,11156,11160
11197,11157,11161,11164
11198,11158,11162,11164
11151,11159,11163,11165,11166
10976,11152
10977,11185
10978,11186
10979,11187
10980,11188
10981,11189
10982,11190
10983,11191
10984,11192
10985,11193
10986,11194
10987,11195
10988,11196
10989,11197
10990,11198
10991,11151
















































11328,11248,11240,11236,11234,11233
















11265,11248
11266,11248
11267,11249,11250
11268,11248
11269,11249,11252
11270,11250,11252
11271,11251,11253,11254
11272,11248
11273,11249,11256
11274,11250,11256
11275,11251,11257,11258
11276,11252,11256
11277,11253,11257,11260
11278,11254,11258,11260
11279,11255,11259,11261,11262
















































































11248,11360
11249,11361,11344
11250,11362,11344
11251,11363,11345,11346
11252,11364,11344
11253,11365,11345,11348
11254,11366,11346,11348
11255,11367,11347,11349,11350
11256,11368,11344
11257,11369,11345,11352
11258,11370,11346,11352
11259,11371,11347,11353,11354
11260,11372,11348,11352
11261,11373,11349,11353,11356
11262,11374,11350,11354,11356
11263,11343,11351,11355,11357,11358
































































11440,11432,11428,11426,11425
















11473,11440
11474,11440
11475,11441,11442
11476,11440
11477,11441,11444
11478,11442,11444
11479,11443,11445,11446
11480,11440
11481,11441,11448
11482,11442,11448
11483,11443,11449,11450
11484,11444,11448
11485,11445,11449,11452
11486,11446,11450,11452
11439,11447,11451,11453,11454
11264,11440
11265,11473
11266,11474
11267,11475
11268,11476
11269,11477
11270,11478
11271,11479
11272,11480
11273,11481
11274,11482
11275,11483
11276,11484
11277,11485
11278,11486
11279,11439
















































